ATOM,0,0,5.338663943489026,7.910907145043985,2.35760990854838,1.0,1.0
ATOM,0,233,4.381547906146292,8.767014222406052,2.960660562955912,1.83737291276487,1.0
INTRA_RESIDUE,0,233,1.0,1.418686456382435
ATOM,1,1,6.255524750317905,8.276600533543832,2.517731714810038,1.0,1.0
ATOM,1,234,6.217062892032913,9.858908648315449,2.085352691324899,2.28154697810053,1.0
INTRA_RESIDUE,1,234,1.0,1.640773489050265
ATOM,2,2,6.552106493313423,7.432610111849596,2.964631942167743,1.0,1.0
ATOM,2,235,7.07458085752302,7.547978967070003,1.716809298210521,1.715363894344207,1.0
INTRA_RESIDUE,2,235,1.0,1.3576819471721036
ATOM,3,3,5.782576051048236,6.842100717684871,2.721503578233861,1.0,1.0
ATOM,3,236,5.371431525403302,5.885874597081302,1.882491314147643,1.673839638340924,1.0
INTRA_RESIDUE,3,236,1.0,1.336919819170462
ATOM,4,4,5.764356750384207,6.176854678322999,3.467895895904789,1.0,1.0
ATOM,4,237,4.720248735373993,6.365661047613309,3.304647207589251,1.147068308802708,1.0
INTRA_RESIDUE,4,237,1.0,1.073534154401354
ATOM,5,5,6.6874885387782,6.417258178350873,3.767957042295156,1.0,1.0
ATOM,5,238,6.837405902245973,5.787297138033227,2.877110025679328,1.202664141424751,1.0
INTRA_RESIDUE,5,238,1.0,1.1013320707123755
ATOM,6,6,6.472101023334268,6.424781119406674,4.744442720891358,1.0,1.0
ATOM,6,239,7.104491998731111,5.477202519292576,4.8227439431533,1.283814749471081,1.0
INTRA_RESIDUE,6,239,1.0,1.1419073747355406
ATOM,7,7,6.799471539944387,6.261679744345595,5.67514312634631,1.0,1.0
ATOM,7,240,7.939439808974956,6.819979732086072,5.815749371084199,1.554194381858853,1.0
INTRA_RESIDUE,7,240,1.0,1.2770971909294264
ATOM,8,8,6.395901522473829,6.97909924189439,6.2429667215944,1.0,1.0
ATOM,8,241,5.531477118396477,7.617397551026379,6.184851871914238,1.152227604399697,1.0
INTRA_RESIDUE,8,241,1.0,1.0761138021998486
ATOM,9,9,6.244304602117189,6.446061752432692,7.075357419393881,1.0,1.0
ATOM,9,242,7.226461237178285,5.668054388923308,7.134130029401939,1.508694017930014,1.0
INTRA_RESIDUE,9,242,1.0,1.254347008965007
ATOM,10,10,6.254798242719634,7.272684984422473,7.637998301331531,1.0,1.0
ATOM,10,243,7.311793457972381,7.789688432779829,7.032365309364338,1.646768379087265,1.0
INTRA_RESIDUE,10,243,1.0,1.3233841895436325
ATOM,11,11,5.261353984006092,7.309868884097356,7.745939265403118,1.0,1.0
ATOM,11,244,4.493155783998691,7.014132544919416,6.808512003969138,1.495070465916661,1.0
INTRA_RESIDUE,11,244,1.0,1.2475352329583305
ATOM,12,12,4.837669741622188,8.19748678234372,7.926537100348978,1.0,1.0
ATOM,12,245,6.070945259462827,8.33780859295624,8.85217322002582,2.096750548741976,1.0
INTRA_RESIDUE,12,245,1.0,1.548375274370988
ATOM,13,13,3.983565521445043,8.717137079021073,7.905605739834185,1.0,1.0
ATOM,13,246,4.141873499457369,8.511047431477094,6.677423500970143,1.510762539854754,1.0
INTRA_RESIDUE,13,246,1.0,1.255381269927377
ATOM,14,14,3.861580875444672,9.684621100887911,8.127196345020469,1.0,1.0
ATOM,14,247,4.755060004489198,10.26373672731252,8.037584586333805,1.137016595963859,1.0
INTRA_RESIDUE,14,247,1.0,1.0685082979819294
ATOM,15,15,2.920759161034661,9.627607767652998,7.793180832580911,1.0,1.0
ATOM,15,248,2.651099552305848,10.10776175861753,8.715320405020854,1.148131715445083,1.0
INTRA_RESIDUE,15,248,1.0,1.0740658577225415
ATOM,16,16,2.503722737380384,9.009918209759189,7.126458561949378,1.0,1.0
ATOM,16,249,2.072110393514355,9.256273076620449,6.164720202273323,1.165101171611379,1.0
INTRA_RESIDUE,16,249,1.0,1.0825505858056896
ATOM,17,17,1.71236603420319,8.412695295739459,6.995953510236863,1.0,1.0
ATOM,17,250,2.103053573009648,7.595583746655202,5.945159865982859,1.774491991733231,1.0
INTRA_RESIDUE,17,250,1.0,1.3872459958666155
ATOM,18,18,1.451781136584686,8.274755465471209,7.951493057581736,1.0,1.0
ATOM,18,251,1.248893265527347,9.243108195222502,7.528638494678111,1.15190472452449,1.0
INTRA_RESIDUE,18,251,1.0,1.075952362262245
ATOM,19,19,1.088029598181216,7.530009046112797,8.51096322868556,1.0,1.0
ATOM,19,252,1.54880573808213,8.147425997152556,9.353742550827652,1.283667652145009,1.0
INTRA_RESIDUE,19,252,1.0,1.1418338260725045
ATOM,20,20,1.580300515722916,6.829331892112123,7.994525982668051,1.0,1.0
ATOM,20,253,0.3884119209351236,6.323501892816177,8.009352839724041,1.589741160056803,1.0
INTRA_RESIDUE,20,253,1.0,1.2948705800284015
ATOM,21,21,1.85464977751606,6.04650580870151,8.553005638635712,1.0,1.0
ATOM,21,254,3.218423984840441,6.078528283480337,8.943029419003748,1.837588829736728,1.0
INTRA_RESIDUE,21,254,1.0,1.418794414868364
ATOM,22,22,2.358557248678999,5.290562416942662,8.135149243430606,1.0,1.0
ATOM,22,255,1.510589160123615,4.236906689021549,9.163055213374047,2.397548775686309,1.0
INTRA_RESIDUE,22,255,1.0,1.6987743878431545
ATOM,23,23,2.018632035438912,5.646134503086949,7.264504907608577,1.0,1.0
ATOM,23,256,0.8441463053253203,4.937601865735156,6.779278110886682,1.909896747983569,1.0
INTRA_RESIDUE,23,256,1.0,1.4549483739917846
ATOM,24,24,2.621024775678205,5.437876442266019,6.493963692221178,1.0,1.0
ATOM,24,257,1.873499504149923,5.789847255590663,5.378483790020341,1.776300268371777,1.0
INTRA_RESIDUE,24,257,1.0,1.3881501341858886
ATOM,25,25,3.443238626325964,5.45273445702901,7.062959697103145,1.0,1.0
ATOM,25,258,3.262842704121508,3.89309275934043,7.452616607771714,2.235366880165763,1.0
INTRA_RESIDUE,25,258,1.0,1.6176834400828815
ATOM,26,26,4.439829361795214,5.441361143239037,6.981247784358293,1.0,1.0
ATOM,26,259,5.369189689336366,5.797644592882325,7.379813660360395,1.144295611319721,1.0
INTRA_RESIDUE,26,259,1.0,1.0721478056598603
ATOM,27,27,4.372222977320787,5.408960701640614,5.98407222226391,1.0,1.0
ATOM,27,260,4.955128912298475,4.440896666546445,6.17874783028934,1.293311425022043,1.0
INTRA_RESIDUE,27,260,1.0,1.1466557125110215
ATOM,28,28,4.839878451333434,5.631559926209196,5.128659656222301,1.0,1.0
ATOM,28,261,5.06997133854705,5.41764542777323,4.202957242636188,0.9551221155966316,1.0
INTRA_RESIDUE,28,261,1.0,0.9775610577983158
ATOM,29,29,4.165975627200851,5.053849682945464,4.668120326843984,1.0,1.0
ATOM,29,262,3.783218821930837,5.874965018686535,5.082730591816384,0.9926166142181218,1.0
INTRA_RESIDUE,29,262,1.0,0.9963083071090608
ATOM,30,30,4.144949114785916,5.659165681523884,3.87241895110841,1.0,1.0
ATOM,30,263,3.767554572567076,6.743907165352013,3.979003833298949,1.306882410275215,1.0
INTRA_RESIDUE,30,263,1.0,1.1534412051376075
ATOM,31,31,3.425824703408439,5.10528440168463,3.452814846641345,1.0,1.0
ATOM,31,264,3.414432840340795,3.827586994423851,3.873284885023562,1.690310631199394,1.0
INTRA_RESIDUE,31,264,1.0,1.3451553155996971
ATOM,32,32,2.608503577759473,4.998548226775935,2.886622271902752,1.0,1.0
ATOM,32,265,1.705179404156416,4.266003999076763,1.903087739148161,2.046273018604225,1.0
INTRA_RESIDUE,32,265,1.0,1.5231365093021125
ATOM,33,33,2.552278429772308,5.996838703589271,2.871292962676669,1.0,1.0
ATOM,33,266,2.322835647480759,5.703415219564689,1.963754461164401,0.9620042544020908,1.0
INTRA_RESIDUE,33,266,1.0,0.9810021272010454
ATOM,34,34,1.676110916954864,5.528846976887024,2.986610723435184,1.0,1.0
ATOM,34,267,2.037687180575112,6.131223777606261,3.843066141635547,1.215496815081994,1.0
INTRA_RESIDUE,34,267,1.0,1.107748407540997
ATOM,35,35,0.9941497687760188,6.081906318973468,3.46518449071021,1.0,1.0
ATOM,35,268,0.7858350309938683,6.342252291892055,2.277358416578422,1.467486979426019,1.0
INTRA_RESIDUE,35,268,1.0,1.2337434897130095
ATOM,36,36,0.1565839176300583,6.029866625350139,4.009005452456766,1.0,1.0
ATOM,36,269,-0.01915815409984918,5.462988904394226,3.22452483079965,0.9673683413356148,1.0
INTRA_RESIDUE,36,269,1.0,0.9836841706678074
ATOM,37,37,0.4461405087638265,5.143599440254752,4.370495543994146,1.0,1.0
ATOM,37,270,1.394143064554533,3.779642251661106,4.26397328629416,2.328915254064408,1.0
INTRA_RESIDUE,37,270,1.0,1.664457627032204
ATOM,38,38,-0.05219555144485631,5.127803007065269,5.237316974722125,1.0,1.0
ATOM,38,271,-0.9084170594681066,3.726480315432153,4.79820760510759,2.399749262081918,1.0
INTRA_RESIDUE,38,271,1.0,1.699874631040959
ATOM,39,39,-0.5508174818698559,5.742132960620625,5.848848052833524,1.0,1.0
ATOM,39,272,-0.8831341074840269,5.848620195595208,4.753682499163603,1.298830262822717,1.0
INTRA_RESIDUE,39,272,1.0,1.1494151314113585
ATOM,40,40,-1.263261253209646,5.488804562392835,6.503196434457942,1.0,1.0
ATOM,40,273,-2.03535638148299,6.274639800478565,6.806003350176876,1.285032608305832,1.0
INTRA_RESIDUE,40,273,1.0,1.142516304152916
ATOM,41,41,-1.20130759149562,4.863575034717125,7.28115876740797,1.0,1.0
ATOM,41,274,-2.356077559993977,5.204697010748514,7.73558853455517,1.573952514608531,1.0
INTRA_RESIDUE,41,274,1.0,1.2869762573042656
ATOM,42,42,-1.937396108782488,4.269566774733399,6.956815086423834,1.0,1.0
ATOM,42,275,-1.953268159292091,3.189374878241299,7.433054413987791,1.36125550570787,1.0
INTRA_RESIDUE,42,275,1.0,1.180627752853935
ATOM,43,43,-2.11672669274774,4.401699190664027,5.981965073764624,1.0,1.0
ATOM,43,276,-2.103064819856987,5.427502605920132,5.665165802743688,1.147391748693116,1.0
INTRA_RESIDUE,43,276,1.0,1.073695874346558
ATOM,44,44,-2.758344999089378,3.731333205679637,5.609428021684609,1.0,1.0
ATOM,44,277,-2.939571173586058,4.555500285925563,4.88564664432206,1.223449404276576,1.0
INTRA_RESIDUE,44,277,1.0,1.1117247021382881
ATOM,45,45,-3.755449180857059,3.768267371903318,5.675219428443031,1.0,1.0
ATOM,45,278,-3.934272270934586,3.039894163276696,6.555559688372249,1.31300437200235,1.0
INTRA_RESIDUE,45,278,1.0,1.156502186001175
ATOM,46,46,-4.019466395938924,3.581903850244919,4.728909300963719,1.0,1.0
ATOM,46,279,-3.047171641907267,2.295563988185281,4.911464882883251,2.245025400109752,1.0
INTRA_RESIDUE,46,279,1.0,1.622512700054876
ATOM,47,47,-4.800592412819077,4.080251911853154,4.35260690468105,1.0,1.0
ATOM,47,280,-4.270571374747465,4.667414789017205,5.183336326010672,1.294169119413997,1.0
INTRA_RESIDUE,47,280,1.0,1.1470845597069985
ATOM,48,48,-4.734761447907096,4.116079606066203,3.355427055589449,1.0,1.0
ATOM,48,281,-4.132483988591861,4.809325803547233,3.921511100417947,1.157574318417214,1.0
INTRA_RESIDUE,48,281,1.0,1.078787159208607
ATOM,49,49,-4.306487394925488,3.212548186367204,3.359661966515028,1.0,1.0
ATOM,49,282,-2.968875908756214,3.532486691978851,3.344516706737049,1.750818332257938,1.0
INTRA_RESIDUE,49,282,1.0,1.3754091661289691
ATOM,50,50,-5.047521899297293,2.682497772740009,3.771795805841957,1.0,1.0
ATOM,50,283,-5.259921938476432,3.227867151432263,2.878092927986226,1.13654873437556,1.0
INTRA_RESIDUE,50,283,1.0,1.06827436718778
ATOM,51,51,-4.623756225179907,2.203205767091567,4.540316548026529,1.0,1.0
ATOM,51,284,-5.505339287978596,2.7519483312812,5.36191617938452,1.648236042035912,1.0
INTRA_RESIDUE,51,284,1.0,1.324118021017956
ATOM,52,52,-5.271919319134587,1.452538010295726,4.413195031860367,1.0,1.0
ATOM,52,285,-6.524608996494887,1.264658179676573,5.002902860976672,1.79447806311441,1.0
INTRA_RESIDUE,52,285,1.0,1.397239031557205
ATOM,53,53,-5.104785242658039,0.5594199185360048,3.995733213961616,1.0,1.0
ATOM,53,286,-5.870640169732341,1.482145959532915,2.91414808500019,2.229313364740947,1.0
INTRA_RESIDUE,53,286,1.0,1.6146566823704736
ATOM,54,54,-6.064688336474619,0.2905931522233964,4.074445646665215,1.0,1.0
ATOM,54,287,-6.936899267463688,0.1465571279426906,3.343050492619221,1.294754347743598,1.0
INTRA_RESIDUE,54,287,1.0,1.147377173871799
ATOM,55,55,-5.905419750295692,-0.6011697497517968,3.650941814688488,1.0,1.0
ATOM,55,288,-4.857806525252943,-0.5248967755284039,4.016939464366911,1.224618342672343,1.0
INTRA_RESIDUE,55,288,1.0,1.1123091713361715
ATOM,56,56,-6.606314244095199,-1.019808276980532,3.073500841283895,1.0,1.0
ATOM,56,289,-8.239014569121967,-1.118115513941828,2.763190569978454,2.329688747059729,1.0
INTRA_RESIDUE,56,289,1.0,1.6648443735298646
ATOM,57,57,-6.226128889195918,-1.909381841030016,3.326709496851575,1.0,1.0
ATOM,57,290,-5.766149137016002,-1.557595866535917,4.412345135236104,1.460821429610658,1.0
INTRA_RESIDUE,57,290,1.0,1.2304107148053292
ATOM,58,58,-6.662914603704921,-2.481678597025156,2.632664783414744,1.0,1.0
ATOM,58,291,-6.949488126170848,-2.088381139195091,1.338119936008158,1.765984166134247,1.0
INTRA_RESIDUE,58,291,1.0,1.3829920830671236
ATOM,59,59,-6.802427160338834,-3.266563640193494,3.23639181841953,1.0,1.0
ATOM,59,292,-7.296667570371822,-3.619577518565321,2.130981658574579,1.52258264380507,1.0
INTRA_RESIDUE,59,292,1.0,1.261291321902535
ATOM,60,60,-5.83101305730229,-3.360126647106854,3.454523161389075,1.0,1.0
ATOM,60,293,-5.148029576901151,-2.553829795960791,2.993257796429024,1.305942766992213,1.0
INTRA_RESIDUE,60,293,1.0,1.1529713834961064
ATOM,61,61,-5.377728468387913,-3.867063566559156,4.18768204029791,1.0,1.0
ATOM,61,294,-5.559203275176222,-4.790977188218093,3.681826696319774,1.137689920906933,1.0
INTRA_RESIDUE,61,294,1.0,1.0688449604534664
ATOM,62,62,-4.490858225910852,-3.745493390804139,3.741943939040273,1.0,1.0
ATOM,62,295,-4.207362115292379,-4.245603612610901,2.794781585587074,1.215937497265881,1.0
INTRA_RESIDUE,62,295,1.0,1.1079687486329406
ATOM,63,63,-3.795393314639397,-3.741004790792016,4.460461952908958,1.0,1.0
ATOM,63,296,-3.893857249449302,-2.621218931176955,5.144750847193617,1.632006054830294,1.0
INTRA_RESIDUE,63,296,1.0,1.3160030274151469
ATOM,64,64,-3.081986327001473,-4.114279959982002,3.867392872943836,1.0,1.0
ATOM,64,297,-2.335062706337244,-3.168854158056438,3.999509902550299,1.42418294533552,1.0
INTRA_RESIDUE,64,297,1.0,1.21209147266776
ATOM,65,65,-2.452931946996325,-4.190502110141624,4.640981354884523,1.0,1.0
ATOM,65,298,-3.256644478960677,-4.893388122819149,4.578955034048996,1.139009130048244,1.0
INTRA_RESIDUE,65,298,1.0,1.069504565024122
ATOM,66,66,-2.677884904923852,-4.011405708846899,5.598730216752438,1.0,1.0
ATOM,66,299,-1.146119737261268,-4.559076736488852,5.60051678717176,2.253466073663771,1.0
INTRA_RESIDUE,66,299,1.0,1.6267330368318855
ATOM,67,67,-2.288206308727372,-3.778803908321839,6.489797117222248,1.0,1.0
ATOM,67,300,-1.755961008982606,-4.525585219692302,7.667255403909286,1.98487519205121,1.0
INTRA_RESIDUE,67,300,1.0,1.492437596025605
ATOM,68,68,-3.159884030243778,-3.398009785883283,6.798293313842649,1.0,1.0
ATOM,68,301,-3.655844378135949,-4.374069917524463,7.129231378431916,1.287535876253331,1.0
INTRA_RESIDUE,68,301,1.0,1.1437679381266657
ATOM,69,69,-3.187351416898681,-2.712499921606685,7.525806187789822,1.0,1.0
ATOM,69,302,-2.431509468677824,-2.329752712587184,8.517786456526663,1.609067160187993,1.0
INTRA_RESIDUE,69,302,1.0,1.3045335800939966
ATOM,70,70,-3.839540266461412,-1.973293054372212,7.693754712600182,1.0,1.0
ATOM,70,303,-4.037971767786166,-2.919368569597131,8.332266111196471,1.317049100457176,1.0
INTRA_RESIDUE,70,303,1.0,1.158524550228588
ATOM,71,71,-4.402573050520994,-2.150988110958421,6.886618564841875,1.0,1.0
ATOM,71,304,-5.695311929596818,-1.955343801781344,7.196799630875377,1.687479741914655,1.0
INTRA_RESIDUE,71,304,1.0,1.3437398709573274
ATOM,72,72,-4.558972918620413,-1.181018906153842,6.700562224537527,1.0,1.0
ATOM,72,305,-4.882434343531713,-0.3601836165476481,5.944743805845852,1.323445419853565,1.0
INTRA_RESIDUE,72,305,1.0,1.1617227099267824
ATOM,73,73,-3.9039801803451,-0.9858750472543868,5.97059734218935,1.0,1.0
ATOM,73,306,-3.06988183132486,-1.348304702522404,6.535713227757369,1.141415515366007,1.0
INTRA_RESIDUE,73,306,1.0,1.0707077576830035
ATOM,74,74,-3.475992689368504,-0.1612395234122011,6.340377081789295,1.0,1.0
ATOM,74,307,-3.209045980202667,0.4964056737350711,5.670827679405742,0.9514734298917988,1.0
INTRA_RESIDUE,74,307,1.0,0.9757367149458994
ATOM,75,75,-2.62214008247352,-0.3946550598335532,5.87519393372749,1.0,1.0
ATOM,75,308,-2.956621077783971,-0.4286204932140955,4.672221027066959,1.498148881920146,1.0
INTRA_RESIDUE,75,308,1.0,1.2490744409600731
ATOM,76,76,-1.9373011919544,-0.3729457823665046,6.603541849049151,1.0,1.0
ATOM,76,309,-1.242031558842541,-1.572135437975075,5.636002459689067,2.380901390484374,1.0
INTRA_RESIDUE,76,309,1.0,1.690450695242187
ATOM,77,77,-1.997259160265728,0.6226295886850627,6.675708763879659,1.0,1.0
ATOM,77,310,-3.135383209158395,0.8656015830748987,7.59602034626763,1.967376085952796,1.0
INTRA_RESIDUE,77,310,1.0,1.483688042976398
ATOM,78,78,-1.685779813334847,1.368862987498932,7.263990185375087,1.0,1.0
ATOM,78,311,-0.8747052145114671,1.810186597210462,6.583702358164335,1.293823901154671,1.0
INTRA_RESIDUE,78,311,1.0,1.1469119505773355
ATOM,79,79,-1.25976070169175,1.379366408974835,8.16862417423602,1.0,1.0
ATOM,79,312,-0.7542806103965201,0.4334180501135058,8.579665189433243,1.297204526250062,1.0
INTRA_RESIDUE,79,312,1.0,1.148602263125031
ATOM,80,80,-0.5766092985506629,2.061809667466367,7.908748234228553,1.0,1.0
ATOM,80,313,-0.942169590251228,3.094127533926724,8.545135845754544,1.533209691371639,1.0
INTRA_RESIDUE,80,313,1.0,1.2666048456858197
ATOM,81,81,0.2257643891531219,1.578887282516866,8.259408041919935,1.0,1.0
ATOM,81,314,0.2076077603931707,1.992544630425338,9.645616501402374,1.89344337693675,1.0
INTRA_RESIDUE,81,314,1.0,1.446721688468375
ATOM,82,82,1.168729753242073,1.852976871887162,8.070546880446743,1.0,1.0
ATOM,82,315,1.906977211927178,2.293803335018394,7.25923607459815,1.364386438692406,1.0
INTRA_RESIDUE,82,315,1.0,1.182193219346203
ATOM,83,83,1.474535485897126,0.9016851331726604,8.031118824138801,1.0,1.0
ATOM,83,316,1.492374635763013,0.7161164333165819,9.08634263036078,1.14311503705256,1.0
INTRA_RESIDUE,83,316,1.0,1.07155751852628
ATOM,84,84,2.363803108306075,0.4597109850962814,8.148851901138336,1.0,1.0
ATOM,84,317,2.759182839189271,1.513578603535808,8.337691722917556,1.282640708714595,1.0
INTRA_RESIDUE,84,317,1.0,1.1413203543572976
ATOM,85,85,1.958472390312934,-0.3757607497523405,7.777682317300675,1.0,1.0
ATOM,85,318,1.118143893465723,0.1632597719099247,6.7711981508871,1.8352554330668,1.0
INTRA_RESIDUE,85,318,1.0,1.4176277165334001
ATOM,86,86,1.627187077281016,-0.646380496201282,8.681548511603344,1.0,1.0
ATOM,86,319,1.23768022772867,-1.601865479591962,9.397664749364385,1.511945291958807,1.0
INTRA_RESIDUE,86,319,1.0,1.2559726459794036
ATOM,87,87,1.510070493991362,-1.501100956424073,8.175772247053324,1.0,1.0
ATOM,87,320,2.753236454578264,-1.224239625755589,8.31655587083104,1.56278023624248,1.0
INTRA_RESIDUE,87,320,1.0,1.28139011812124
ATOM,88,88,1.148231403940054,-2.365890276772881,7.827575591615859,1.0,1.0
ATOM,88,321,0.01808841831780495,-1.773782550231265,7.299887782765124,1.761337209777281,1.0
INTRA_RESIDUE,88,321,1.0,1.3806686048886405
ATOM,89,89,1.975709126380423,-2.927146867343875,7.847267530559409,1.0,1.0
ATOM,89,322,2.182973312825403,-3.453316574340219,9.004551885841424,1.576092519362456,1.0
INTRA_RESIDUE,89,322,1.0,1.288046259681228
ATOM,90,90,2.478496756932046,-2.156181392603741,7.456470154394488,1.0,1.0
ATOM,90,323,3.701024898300282,-2.899622390756227,7.643383989233651,1.885865624583225,1.0
INTRA_RESIDUE,90,323,1.0,1.4429328122916125
ATOM,91,91,2.678369864900632,-2.655490633919613,6.613430474262606,1.0,1.0
ATOM,91,324,2.136079733614552,-1.435077807013526,6.288530815580305,1.748874706167755,1.0
INTRA_RESIDUE,91,324,1.0,1.3744373530838776
ATOM,92,92,3.103264211810965,-2.349667857304279,5.76145479831314,1.0,1.0
ATOM,92,325,3.288911757986319,-3.395036912318017,5.631797322185583,1.139195179542726,1.0
INTRA_RESIDUE,92,325,1.0,1.069597589771363
ATOM,93,93,2.472927119854848,-2.71716266257914,5.077628369698831,1.0,1.0
ATOM,93,326,2.376357486790784,-3.926757582136941,4.607316113834561,1.602796284196579,1.0
INTRA_RESIDUE,93,326,1.0,1.3013981420982894
ATOM,94,94,2.653544626813779,-1.983133738663993,4.422977360478962,1.0,1.0
ATOM,94,327,3.622621154713181,-1.747708866120737,3.812856584500729,1.338210519296976,1.0
INTRA_RESIDUE,94,327,1.0,1.169105259648488
ATOM,95,95,1.748014324621971,-2.003372535484583,3.999205447864276,1.0,1.0
ATOM,95,328,0.7903941996652782,-2.660375301769059,3.827381726033495,1.347936377957663,1.0
INTRA_RESIDUE,95,328,1.0,1.1739681889788316
ATOM,96,96,1.353378765418718,-1.233128927500847,3.498213521785516,1.0,1.0
ATOM,96,329,2.131945659533894,-0.009603916672193048,3.587182642908079,1.905884848864291,1.0
INTRA_RESIDUE,96,329,1.0,1.4529424244321456
ATOM,97,97,2.091834867877983,-1.26316778974408,2.824581026460787,1.0,1.0
ATOM,97,330,1.112232688389696,-1.559266471146985,2.506201136667382,1.143489376102328,1.0
INTRA_RESIDUE,97,330,1.0,1.0717446880511639
ATOM,98,98,2.16113956869057,-0.9288953974254618,1.884662375746752,1.0,1.0
ATOM,98,331,3.083910337491749,-1.592523463411522,2.006889773291765,1.28635430640359,1.0
INTRA_RESIDUE,98,331,1.0,1.143177153201795
ATOM,99,99,1.183562668148844,-0.723335755359473,1.839307820632088,1.0,1.0
ATOM,99,332,1.545545370241414,0.3485301300704288,1.12059331966006,1.680641906533969,1.0
INTRA_RESIDUE,99,332,1.0,1.3403209532669846
ATOM,100,100,0.5110018329309848,-0.6023721768963546,1.10925509613558,1.0,1.0
ATOM,100,333,0.4248161725722207,-2.044394632431795,1.216537166617055,1.897176189369523,1.0
INTRA_RESIDUE,100,333,1.0,1.4485880946847614
ATOM,101,101,-0.4127581130682992,-0.6355085369358644,1.49076715381724,1.0,1.0
ATOM,101,334,-0.4487536868338969,0.3296474827759851,1.021289709923311,1.14776745666893,1.0
INTRA_RESIDUE,101,334,1.0,1.073883728334465
ATOM,102,102,-1.291344536642208,-0.8354217394654838,1.057080052146076,1.0,1.0
ATOM,102,335,-1.296104257758794,-1.61242856575929,2.040138058528813,1.506099479949569,1.0
INTRA_RESIDUE,102,335,1.0,1.2530497399747844
ATOM,103,103,-2.072102735200515,-0.4162083322513676,1.520356982938606,1.0,1.0
ATOM,103,336,-1.401497462582885,0.1877172493489966,2.402264392433715,1.523648240729119,1.0
INTRA_RESIDUE,103,336,1.0,1.2618241203645595
ATOM,104,104,-2.791454323420489,-0.2383505500338217,0.8488882045282516,1.0,1.0
ATOM,104,337,-1.909787531027299,-0.5807709828277651,-0.1210770219791747,1.709543668807254,1.0
INTRA_RESIDUE,104,337,1.0,1.354771834403627
ATOM,105,105,-3.076676662643576,0.5916505576108346,1.328163032159759,1.0,1.0
ATOM,105,338,-3.70878364314167,0.6950016028932605,2.723470842233757,2.070586140770118,1.0
INTRA_RESIDUE,105,338,1.0,1.535293070385059
ATOM,106,106,-3.394987394087519,1.37999680195325,0.8017063501197388,1.0,1.0
ATOM,106,339,-4.184563436973363,0.5923721693703673,-0.07360363187471317,1.835452060626185,1.0
INTRA_RESIDUE,106,339,1.0,1.4177260303130925
ATOM,107,107,-3.411025425989801,2.218970559601601,1.345623897323555,1.0,1.0
ATOM,107,340,-2.09935967822756,1.849274828616632,1.06188051263877,1.783968071169587,1.0
INTRA_RESIDUE,107,340,1.0,1.3919840355847937
ATOM,108,108,-3.357221346570875,2.762138531163738,0.5077339598963226,1.0,1.0
ATOM,108,341,-3.229098586788448,3.272214001938226,1.438280122843835,1.137771185334958,1.0
INTRA_RESIDUE,108,341,1.0,1.068885592667479
ATOM,109,109,-3.295491550646192,3.750840645315401,0.3711850915637848,1.0,1.0
ATOM,109,342,-4.585285120140937,4.180209090274259,0.1275145291589341,1.7620837971534,1.0
INTRA_RESIDUE,109,342,1.0,1.3810418985767
ATOM,110,110,-3.156913262810994,4.626129870231913,0.8345132756155497,1.0,1.0
ATOM,110,343,-3.317188138913604,5.635641538795721,0.2944178998389133,1.312142122820096,1.0
INTRA_RESIDUE,110,343,1.0,1.156071061410048
ATOM,111,111,-2.314098656735279,4.297970607907952,1.261152103911318,1.0,1.0
ATOM,111,344,-2.362597171240154,4.944392746269568,2.003077216929335,0.9704607328295548,1.0
INTRA_RESIDUE,111,344,1.0,0.9852303664147775
ATOM,112,112,-1.444813458144386,3.858066044524677,1.035680046613238,1.0,1.0
ATOM,112,345,-0.6791964714096991,4.655113974208361,0.3870764001374087,1.562951775120871,1.0
INTRA_RESIDUE,112,345,1.0,1.2814758875604355
ATOM,113,113,-0.9546616939569338,3.401467136221968,0.2932226083671948,1.0,1.0
ATOM,113,346,-0.1206600994487711,2.654571274129608,-0.03882543989212242,1.335513125191321,1.0
INTRA_RESIDUE,113,346,1.0,1.1677565625956605
ATOM,114,114,-1.799387280343614,3.307314879869301,-0.2335788590858647,1.0,1.0
ATOM,114,347,-2.274201430632404,4.266279844981046,-0.3103450068608382,1.145649790299125,1.0
INTRA_RESIDUE,114,347,1.0,1.0728248951495625
ATOM,115,115,-1.360379145060476,2.61263340002669,-0.8033486537209683,1.0,1.0
ATOM,115,348,-0.4089150657786466,2.877871233257155,-1.565536008382597,1.495187197974069,1.0
INTRA_RESIDUE,115,348,1.0,1.2475935989870344
ATOM,116,116,-1.598269694085783,1.695236150274232,-1.122337271184704,1.0,1.0
ATOM,116,349,-0.8924091115093942,0.7733658972610485,-0.4152317221140863,1.718867424108997,1.0
INTRA_RESIDUE,116,349,1.0,1.3594337120544986
ATOM,117,117,-1.66314203383495,2.006086417110435,-2.07053215934071,1.0,1.0
ATOM,117,350,-2.067365274188177,3.512795962985518,-2.191055306182812,2.129229563670039,1.0
INTRA_RESIDUE,117,350,1.0,1.5646147818350196
ATOM,118,118,-2.111289198625488,1.166872822503572,-2.378593980592759,1.0,1.0
ATOM,118,351,-3.38490030856543,1.527283500498622,-2.159234631834713,1.683331771546369,1.0
INTRA_RESIDUE,118,351,1.0,1.3416658857731845
ATOM,119,119,-2.285283205715568,1.487488751780717,-3.309634603875736,1.0,1.0
ATOM,119,352,-3.455629419429785,0.4369471735766153,-3.871742942822998,2.340197370078505,1.0
INTRA_RESIDUE,119,352,1.0,1.6700986850392525
ATOM,120,120,-1.422099665624816,1.095992031630814,-3.628356734259254,1.0,1.0
ATOM,120,353,-0.9757982524378216,-0.6205867189151736,-3.921175102584858,2.595335939881331,1.0
INTRA_RESIDUE,120,353,1.0,1.7976679699406655
ATOM,121,121,-1.175748020845105,2.001398978685748,-3.974057667693113,1.0,1.0
ATOM,121,354,-0.4160292683893205,1.558278132337152,-3.207373532638572,1.333490263172618,1.0
INTRA_RESIDUE,121,354,1.0,1.166745131586309
ATOM,122,122,-0.2158514560702852,2.038087145659678,-4.251872106711962,1.0,1.0
ATOM,122,355,-1.054528590491349,2.211092789883332,-5.578775276579294,2.158458748164047,1.0
INTRA_RESIDUE,122,355,1.0,1.5792293740820236
ATOM,123,123,-0.5440758434746825,2.852211092764222,-3.772819238423991,1.0,1.0
ATOM,123,356,-1.833335335764795,3.20019294723686,-4.087934486970093,1.744099892118059,1.0
INTRA_RESIDUE,123,356,1.0,1.3720499460590294
ATOM,124,124,0.2952932623604362,3.014695189228989,-3.254118431750579,1.0,1.0
ATOM,124,357,1.355792521348222,3.140639180815118,-3.357147297283367,1.145842808871662,1.0
INTRA_RESIDUE,124,357,1.0,1.072921404435831
ATOM,125,125,0.1912933824159438,3.955905153549845,-2.932775733840717,1.0,1.0
ATOM,125,358,0.1422064378767154,4.805243114834182,-1.678216887325022,2.031602561729747,1.0
INTRA_RESIDUE,125,358,1.0,1.5158012808648735
ATOM,126,126,0.1812426758621063,4.270144009107812,-3.882062681865814,1.0,1.0
ATOM,126,359,0.07177172348049855,3.371848214119453,-4.603718573486533,1.314908349016318,1.0
INTRA_RESIDUE,126,359,1.0,1.157454174508159
ATOM,127,127,0.3886504265323379,5.06748187193068,-4.448803766410082,1.0,1.0
ATOM,127,360,1.48621541855122,5.694346022382082,-3.726797208260123,1.911319983059621,1.0
INTRA_RESIDUE,127,360,1.0,1.4556599915298105
ATOM,128,128,-0.3450403104877395,4.799719502027144,-5.073282456791119,1.0,1.0
ATOM,128,361,-0.2577754851404713,4.051895552528311,-5.875468802537712,1.200310770879329,1.0
INTRA_RESIDUE,128,361,1.0,1.1001553854396646
ATOM,129,129,-0.7043007663242029,5.729229554768291,-4.99015333640541,1.0,1.0
ATOM,129,362,-0.0162324600810676,5.647742248446282,-6.032320767360772,1.502950452251657,1.0
INTRA_RESIDUE,129,362,1.0,1.2514752261258284
ATOM,130,130,-1.461665622736215,5.623667451221267,-5.634513189989053,1.0,1.0
ATOM,130,363,-1.901951770552601,4.690264049807467,-6.071963309215848,1.241832712153114,1.0
INTRA_RESIDUE,130,363,1.0,1.120916356076557
ATOM,131,131,-2.096722607713569,6.029191945227706,-4.977069233732805,1.0,1.0
ATOM,131,364,-3.282381440558257,6.628924727999955,-4.643111366268139,1.740065791507265,1.0
INTRA_RESIDUE,131,364,1.0,1.3700328957536325
ATOM,132,132,-2.070078275132311,5.889219657554968,-3.987262947367361,1.0,1.0
ATOM,132,365,-1.032487942566932,6.9137724543475,-3.636073842426263,1.99971758603711,1.0
INTRA_RESIDUE,132,365,1.0,1.499858793018555
ATOM,133,133,-2.8406337721826,6.182318057869166,-3.421307745637881,1.0,1.0
ATOM,133,366,-1.999005448163896,6.001419251540637,-2.659715821626087,1.298712224063174,1.0
INTRA_RESIDUE,133,366,1.0,1.1493561120315872
ATOM,134,134,-2.869746754576214,5.305858580175379,-2.940714644477187,1.0,1.0
ATOM,134,367,-3.410004524081811,6.140970146922793,-1.995288014059076,1.74453048158355,1.0
INTRA_RESIDUE,134,367,1.0,1.372265240791775
ATOM,135,135,-3.793608301108723,5.019499428006456,-2.686866179420083,1.0,1.0
ATOM,135,368,-4.696814554843401,5.477365850633113,-2.330527675894036,1.146984990985614,1.0
INTRA_RESIDUE,135,368,1.0,1.0734924954928071
ATOM,136,136,-4.605447421032599,4.655581520359195,-3.143436359738966,1.0,1.0
ATOM,136,369,-4.403025714995899,3.888317557959928,-2.177363703401229,1.500371893371609,1.0
INTRA_RESIDUE,136,369,1.0,1.2501859466858045
ATOM,137,137,-4.231442463651509,4.655177991552586,-4.070883445578683,1.0,1.0
ATOM,137,370,-3.824179942369565,3.515059942276851,-3.921521787203751,1.439683344737558,1.0
INTRA_RESIDUE,137,370,1.0,1.219841672368779
ATOM,138,138,-4.954679762347944,4.740177398319037,-4.756221791139081,1.0,1.0
ATOM,138,371,-4.484055311901599,5.148202251568188,-5.710753255509648,1.279541709041286,1.0
INTRA_RESIDUE,138,371,1.0,1.139770854520643
ATOM,139,139,-5.388375759094011,5.59505798833301,-4.471441127287758,1.0,1.0
ATOM,139,372,-5.917322414365295,6.29413512261414,-3.692761143519813,1.345082714721425,1.0
INTRA_RESIDUE,139,372,1.0,1.1725413573607124
ATOM,140,140,-6.28382321932207,5.310975790143941,-4.814169708944285,1.0,1.0
ATOM,140,373,-7.222862659641899,4.872820603791273,-4.189677159645214,1.419730127581492,1.0
INTRA_RESIDUE,140,373,1.0,1.209865063790746
ATOM,141,141,-5.813033124202186,4.621920517469192,-5.365098361192094,1.0,1.0
ATOM,141,374,-4.906575190540059,3.76472625810458,-5.571294389224088,1.528994519179258,1.0
INTRA_RESIDUE,141,374,1.0,1.2644972595896289
ATOM,142,142,-6.170878356854327,3.742480834158447,-5.67896302165135,1.0,1.0
ATOM,142,375,-6.776383777021121,3.637314188950682,-4.767878408634294,1.197966223684514,1.0
INTRA_RESIDUE,142,375,1.0,1.098983111842257
ATOM,143,143,-5.756696515717792,3.458021574928176,-6.54355360471707,1.0,1.0
ATOM,143,376,-6.928547332534076,3.821281156802379,-6.871423179041977,1.539820658372097,1.0
INTRA_RESIDUE,143,376,1.0,1.2699103291860485
ATOM,144,144,-5.732729112652248,2.540603017434217,-6.146396280067331,1.0,1.0
ATOM,144,377,-5.317064605581058,1.821906431236217,-5.335789484537381,1.320678820313876,1.0
INTRA_RESIDUE,144,377,1.0,1.160339410156938
ATOM,145,145,-5.031617216728384,1.986561958209918,-6.595238161415905,1.0,1.0
ATOM,145,378,-6.265536785253016,0.8429900715533747,-6.800748822858815,2.389716278640339,1.0
INTRA_RESIDUE,145,378,1.0,1.6948581393201696
ATOM,146,146,-4.354846685033185,1.251426227110676,-6.556099726781271,1.0,1.0
ATOM,146,379,-3.672886020800607,2.319389331955714,-5.979433267157956,1.784339398582053,1.0
INTRA_RESIDUE,146,379,1.0,1.3921696992910264
ATOM,147,147,-4.319375201196265,1.217341753180565,-7.554893181116507,1.0,1.0
ATOM,147,380,-4.982236447727924,0.9006103752532254,-8.434520249368175,1.292115045881438,1.0
INTRA_RESIDUE,147,380,1.0,1.146057522940719
ATOM,148,148,-3.388084466369191,0.853871153681537,-7.578918751836739,1.0,1.0
ATOM,148,381,-2.957304221624681,0.4429141531977371,-6.591236213175789,1.306502222177795,1.0
INTRA_RESIDUE,148,381,1.0,1.1532511110888977
ATOM,149,149,-3.66424983545197,-0.1011769707399517,-7.471200056518353,1.0,1.0
ATOM,149,382,-3.179908202318495,0.1019794017423766,-8.43479584269342,1.194869712967652,1.0
INTRA_RESIDUE,149,382,1.0,1.0974348564838259
ATOM,150,150,-3.113749874872391,-0.8391979792233333,-7.080977045807709,1.0,1.0
ATOM,150,383,-3.451998988866946,-2.411912844454886,-7.421073301181081,2.28847257408557,1.0
INTRA_RESIDUE,150,383,1.0,1.644236287042785
ATOM,151,151,-2.217726475165968,-0.7509661181175037,-6.645812349985938,1.0,1.0
ATOM,151,384,-2.53191086501059,-0.3208728564979498,-5.63594746801311,1.283417648914597,1.0
INTRA_RESIDUE,151,384,1.0,1.1417088244572984
ATOM,152,152,-1.876105579677465,0.1579999683237708,-6.884723137019477,1.0,1.0
ATOM,152,385,-2.243950275715624,-0.3361704198589227,-7.758635355134925,1.138444448054121,1.0
INTRA_RESIDUE,152,385,1.0,1.0692222240270604
ATOM,153,153,-1.103462527561297,0.630139753843181,-6.460318361707267,1.0,1.0
ATOM,153,386,-1.656543141218922,1.335191920204385,-7.330185524430183,1.497735391585453,1.0
INTRA_RESIDUE,153,386,1.0,1.2488676957927265
ATOM,154,154,-0.4319434887962945,0.5227800465282666,-5.727143889187278,1.0,1.0
ATOM,154,387,0.8910877292286117,1.013715097665254,-5.704126653067641,1.822736355477213,1.0
INTRA_RESIDUE,154,387,1.0,1.4113681777386065
ATOM,155,155,-0.374418179409059,-0.4431337511957358,-5.9795127679674,1.0,1.0
ATOM,155,388,-1.217542420699852,-1.290352666539196,-6.182888061043902,1.424868453720407,1.0
INTRA_RESIDUE,155,388,1.0,1.2124342268602035
ATOM,156,156,-0.1719184515466305,-0.3195909495748649,-6.950970621472748,1.0,1.0
ATOM,156,389,-0.6782473258776154,0.1462261071429962,-8.034392929068684,1.566833850271826,1.0
INTRA_RESIDUE,156,389,1.0,1.283416925135913
ATOM,157,157,0.2542821383169143,-1.204097481693252,-7.140662014655546,1.0,1.0
ATOM,157,390,1.356046600592237,-1.755446667369398,-7.776940050743048,1.773230812611504,1.0
INTRA_RESIDUE,157,390,1.0,1.386615406305752
ATOM,158,158,0.6268291471811294,-1.959891061833702,-6.602173322412884,1.0,1.0
ATOM,158,391,0.1951031078646336,-1.99979956973914,-5.232409539118856,1.873513929314762,1.0
INTRA_RESIDUE,158,391,1.0,1.436756964657381
ATOM,159,159,0.8488739381869028,-2.927542429658279,-6.72180680950676,1.0,1.0
ATOM,159,392,0.3642986781892707,-4.243911979104722,-5.828820549942109,2.325708233681258,1.0
INTRA_RESIDUE,159,392,1.0,1.662854116840629
ATOM,160,160,0.4316079565638982,-2.93894667476446,-7.630508215701869,1.0,1.0
ATOM,160,393,-0.6124370200216613,-2.292399533687814,-7.360523687549333,1.514716122724457,1.0
INTRA_RESIDUE,160,393,1.0,1.2573580613622286
ATOM,161,161,0.3612425867778463,-3.588250730314557,-8.387745426852089,1.0,1.0
ATOM,161,394,-0.8556710733928388,-3.940161803715019,-8.304277042759324,1.539025810130452,1.0
INTRA_RESIDUE,161,394,1.0,1.269512905065226
ATOM,162,162,-0.03151454919145671,-3.724513194026799,-9.297221392818765,1.0,1.0
ATOM,162,395,0.1017068848934423,-2.316653461988129,-10.23310763540395,2.391603405419155,1.0
INTRA_RESIDUE,162,395,1.0,1.6958017027095775
ATOM,163,163,0.5692526969769024,-4.492499515308068,-9.519092123665024,1.0,1.0
ATOM,163,396,1.596498609940862,-5.22380293051959,-10.31276079616124,1.979915448537433,1.0
INTRA_RESIDUE,163,396,1.0,1.4899577242687165
ATOM,164,164,0.6361873417729024,-4.766196303975688,-8.559612893107596,1.0,1.0
ATOM,164,397,-0.5302356647319671,-5.565782040755725,-8.75280240902888,1.854583299915325,1.0
INTRA_RESIDUE,164,397,1.0,1.4272916499576624
ATOM,165,165,1.515003461643454,-5.188313248289547,-8.782104320501807,1.0,1.0
ATOM,165,398,2.247976378309086,-4.648285241488265,-8.099272593716977,1.276073223783283,1.0
INTRA_RESIDUE,165,398,1.0,1.1380366118916414
ATOM,166,166,1.677248923024736,-5.830220764432791,-8.03271832056669,1.0,1.0
ATOM,166,399,3.197072563580886,-6.157320628035851,-8.568094200090101,2.288474689698551,1.0
INTRA_RESIDUE,166,399,1.0,1.6442373448492755
ATOM,167,167,0.9105749286074968,-6.421298069359487,-8.283266678890381,1.0,1.0
ATOM,167,400,1.436376966461545,-7.097050844084881,-7.811344933378788,0.9553026893869286,1.0
INTRA_RESIDUE,167,400,1.0,0.9776513446934643
ATOM,168,168,0.7754314881588695,-6.583771182028551,-7.305888991019104,1.0,1.0
ATOM,168,401,1.04293691708111,-7.167416168748498,-6.569549752236646,0.9538548634211717,1.0
INTRA_RESIDUE,168,401,1.0,0.9769274317105858
ATOM,169,169,0.0867400675659153,-5.859047798623854,-7.283281057730132,1.0,1.0
ATOM,169,402,0.9418554589227952,-5.652232808594956,-6.680983657798345,1.132362558525798,1.0
INTRA_RESIDUE,169,402,1.0,1.0661812792628989
ATOM,170,170,-0.5047011065450584,-6.487800385846901,-6.778533214301896,1.0,1.0
ATOM,170,403,-0.3737117714925687,-7.061963205979747,-5.884169819482297,1.141700749774939,1.0
INTRA_RESIDUE,170,403,1.0,1.0708503748874696
ATOM,171,171,-0.172884137847691,-7.356036181247105,-7.147381834321979,1.0,1.0
ATOM,171,404,-1.175408204601619,-7.27576970045141,-7.90831043194891,1.522272569610788,1.0
INTRA_RESIDUE,171,404,1.0,1.261136284805394
ATOM,172,172,-0.4310974283963183,-8.28773444604708,-6.892046809810379,1.0,1.0
ATOM,172,405,-0.7376109507037912,-8.823793949347536,-7.944020341429004,1.439614101969177,1.0
INTRA_RESIDUE,172,405,1.0,1.2198070509845884
ATOM,173,173,-1.152823257496633,-8.426757015172821,-6.214013907980771,1.0,1.0
ATOM,173,406,-0.2367225218484584,-9.204079787342524,-6.00905222213934,1.437580674330353,1.0
INTRA_RESIDUE,173,406,1.0,1.2187903371651765
ATOM,174,174,-1.427798229883084,-9.387891547614917,-6.190678643570935,1.0,1.0
ATOM,174,407,-2.45095190097115,-8.884736759430712,-7.319864933590797,2.209399721992402,1.0
INTRA_RESIDUE,174,407,1.0,1.604699860996201
ATOM,175,175,-2.263277948128517,-9.103102265545644,-5.720726726153627,1.0,1.0
ATOM,175,408,-1.441386205172905,-9.735274668403957,-4.940479045290211,1.595299870939773,1.0
INTRA_RESIDUE,175,408,1.0,1.2976499354698865
ATOM,176,176,-2.950682805303755,-9.82524816424438,-5.643539756422776,1.0,1.0
ATOM,176,409,-2.998500421460508,-8.99625366253232,-4.792385598923954,1.378118683433839,1.0
INTRA_RESIDUE,176,409,1.0,1.1890593417169195
ATOM,177,177,-3.868528575800025,-9.48522804326558,-5.438733756163549,1.0,1.0
ATOM,177,410,-4.57573323765826,-9.147908825202345,-4.373173874347087,1.645247676476713,1.0
INTRA_RESIDUE,177,410,1.0,1.3226238382383566
ATOM,178,178,-4.035230776021653,-9.166526116411196,-6.37182035745475,1.0,1.0
ATOM,178,411,-3.891138710970794,-10.31404040476549,-6.868525716307127,1.517330273681711,1.0
INTRA_RESIDUE,178,411,1.0,1.2586651368408555
ATOM,179,179,-5.00752807233603,-9.169277922825469,-6.605568053377255,1.0,1.0
ATOM,179,412,-5.993956488009684,-9.988327819047155,-6.408181214277239,1.594499546993943,1.0
INTRA_RESIDUE,179,412,1.0,1.2972497734969715
ATOM,180,180,-4.952835057370079,-8.256275846792168,-7.009809373095638,1.0,1.0
ATOM,180,413,-4.838117335574516,-8.495123118921304,-8.491994891077784,2.011323216610309,1.0
INTRA_RESIDUE,180,413,1.0,1.5056616083051546
ATOM,181,181,-5.674809716777712,-7.752614396478039,-7.484224859301934,1.0,1.0
ATOM,181,414,-6.354169251017439,-7.446230112757886,-6.617962425901768,1.285448264032635,1.0
INTRA_RESIDUE,181,414,1.0,1.1427241320163175
ATOM,182,182,-5.366003444021826,-6.893592047166384,-7.075946660879156,1.0,1.0
ATOM,182,415,-4.853814992254796,-6.031275126697742,-7.985012514438469,1.707273342293716,1.0
INTRA_RESIDUE,182,415,1.0,1.353636671146858
ATOM,183,183,-4.658123286233363,-6.996098084897429,-6.377103131704205,1.0,1.0
ATOM,183,416,-3.932663341398297,-7.777430274746148,-6.015583488234096,1.251614124321719,1.0
INTRA_RESIDUE,183,416,1.0,1.1258070621608596
ATOM,184,184,-4.681310068410893,-5.998865028592353,-6.306568134060453,1.0,1.0
ATOM,184,417,-5.568825540304005,-5.145155423753025,-6.427688410795882,1.474823477231047,1.0
INTRA_RESIDUE,184,417,1.0,1.2374117386155234
ATOM,185,185,-3.809370885705248,-5.951353325926207,-5.819350857902466,1.0,1.0
ATOM,185,418,-4.27787265868988,-5.425624513935234,-4.796398368406821,1.48378060924801,1.0
INTRA_RESIDUE,185,418,1.0,1.2418903046240048
ATOM,186,186,-3.047664997452781,-5.337617131895695,-5.611836984268944,1.0,1.0
ATOM,186,419,-3.635694564825763,-4.771059492610837,-6.673741637867719,1.679135515422993,1.0
INTRA_RESIDUE,186,419,1.0,1.3395677577114964
ATOM,187,187,-2.259775192818284,-5.710421952277017,-5.121807685668076,1.0,1.0
ATOM,187,420,-1.201264099906562,-5.378209603305347,-5.632810382081015,1.442871075708236,1.0
INTRA_RESIDUE,187,420,1.0,1.221435537854118
ATOM,188,188,-2.142303965084934,-6.634063590269758,-4.757059520013705,1.0,1.0
ATOM,188,421,-2.123050203927092,-7.041435031616814,-5.971654585815127,1.562438676749132,1.0
INTRA_RESIDUE,188,421,1.0,1.281219338374566
ATOM,189,189,-1.320556605826623,-6.742779202789119,-4.197810811158026,1.0,1.0
ATOM,189,422,-1.539341148256378,-5.631544991090222,-3.90713446587931,1.338528110139731,1.0
INTRA_RESIDUE,189,422,1.0,1.1692640550698656
ATOM,190,190,-1.800026464527055,-7.408079125981483,-3.625488662883988,1.0,1.0
ATOM,190,423,-2.023232977622633,-6.737938840304589,-2.818944042607181,1.144227737477386,1.0
INTRA_RESIDUE,190,423,1.0,1.0721138687386929
ATOM,191,191,-1.105468855852952,-7.28335850216183,-2.917065519306854,1.0,1.0
ATOM,191,424,-0.4382141300604473,-8.881064593260582,-2.761393812425851,2.4768083492922,1.0
INTRA_RESIDUE,191,424,1.0,1.7384041746461
ATOM,192,192,-0.4752092064053432,-6.511594782793984,-2.833417161022996,1.0,1.0
ATOM,192,425,-0.4339414360203064,-6.839357730731323,-1.818357469183918,1.134899676280989,1.0
INTRA_RESIDUE,192,425,1.0,1.0674498381404947
ATOM,193,193,0.4818136335395414,-6.264521421791456,-2.682352072331839,1.0,1.0
ATOM,193,426,-0.2734477972199653,-5.399979272422326,-2.620876016024994,1.299200992885635,1.0
INTRA_RESIDUE,193,426,1.0,1.1496004964428175
ATOM,194,194,0.7261039428377986,-6.240078640861093,-3.651762910950116,1.0,1.0
ATOM,194,427,0.9584058296779142,-5.379683700696155,-4.390367219575627,1.314977492226441,1.0
INTRA_RESIDUE,194,427,1.0,1.1574887461132204
ATOM,195,195,1.485695362019642,-6.89028696085306,-3.639869510593466,1.0,1.0
ATOM,195,428,0.6535706374050931,-7.39351202771764,-4.250149396865955,1.296132234033168,1.0
INTRA_RESIDUE,195,428,1.0,1.148066117016584
ATOM,196,196,2.076912094646949,-7.411954390470283,-3.024873688982357,1.0,1.0
ATOM,196,429,1.36328071805669,-8.13736862486469,-3.364096063236731,1.14523867691784,1.0
INTRA_RESIDUE,196,429,1.0,1.07261933845892
ATOM,197,197,1.963435372438857,-7.425795779289905,-2.031457565717558,1.0,1.0
ATOM,197,430,1.222849254198383,-7.414380227844033,-1.195397385643984,1.233892941084239,1.0
INTRA_RESIDUE,197,430,1.0,1.1169464705421195
ATOM,198,198,2.819706927428483,-7.258105355096314,-1.542965158972584,1.0,1.0
ATOM,198,431,3.238649072378119,-7.8768554522253,-2.416120252937572,1.298480863116557,1.0
INTRA_RESIDUE,198,431,1.0,1.1492404315582785
ATOM,199,199,2.646965136716014,-6.274612791050482,-1.489075616819513,1.0,1.0
ATOM,199,432,2.055981000730986,-6.345789825788217,-0.7157164662688403,0.9518314662768323,1.0
INTRA_RESIDUE,199,432,1.0,0.9759157331384162
ATOM,200,200,2.957397145325165,-5.475544974278472,-0.9742086486707516,1.0,1.0
ATOM,200,433,3.652547747113803,-6.294302091845934,-0.355988790459436,1.478555368749934,1.0
INTRA_RESIDUE,200,433,1.0,1.2392776843749669
ATOM,201,201,2.620863645700664,-4.673605894946958,-1.467808225853274,1.0,1.0
ATOM,201,434,3.26942972441215,-3.309658529737244,-0.5792418256274554,2.504563947121216,1.0
INTRA_RESIDUE,201,434,1.0,1.752281973560608
ATOM,202,202,1.725235946093044,-4.311140351606046,-1.209954415417518,1.0,1.0
ATOM,202,435,1.627407565028219,-4.938526845293893,-2.608380103780072,2.071407571066626,1.0
INTRA_RESIDUE,202,435,1.0,1.535703785533313
ATOM,203,203,1.793198993001821,-3.513795260612865,-1.809618974175678,1.0,1.0
ATOM,203,436,1.013010706648507,-3.199348969602006,-2.82965875445552,1.644216004029049,1.0
INTRA_RESIDUE,203,436,1.0,1.3221080020145246
ATOM,204,204,1.406861109317942,-2.640453793161941,-1.512921157749182,1.0,1.0
ATOM,204,437,0.03093344791174676,-3.022043466580963,-1.07307169490041,1.98813423162412,1.0
INTRA_RESIDUE,204,437,1.0,1.49406711581206
ATOM,205,205,1.652148629441822,-2.147245278140977,-2.347489373005209,1.0,1.0
ATOM,205,438,0.5299840491733013,-1.847174640294987,-2.441300437037512,1.330716159429239,1.0
INTRA_RESIDUE,205,438,1.0,1.1653580797146195
ATOM,206,206,2.011532774467782,-1.379063028464737,-1.817660681319928,1.0,1.0
ATOM,206,439,1.048647716767069,-0.8267316650059227,-1.841679042577822,1.220607264908692,1.0
INTRA_RESIDUE,206,439,1.0,1.110303632454346
ATOM,207,207,2.757164782045287,-1.284726445236388,-2.477279019572588,1.0,1.0
ATOM,207,440,3.643325035708023,-0.5889273093565568,-1.480621559381964,2.008464824356821,1.0
INTRA_RESIDUE,207,440,1.0,1.5042324121784105
ATOM,208,208,2.125533402190213,-1.085979843397763,-3.226605911000364,1.0,1.0
ATOM,208,441,1.088444202584466,-0.749974664241214,-3.789712259110548,1.454029191912098,1.0
INTRA_RESIDUE,208,441,1.0,1.227014595956049
ATOM,209,209,2.675395516682014,-1.793430926224889,-3.670676898120754,1.0,1.0
ATOM,209,442,2.584133276642032,-0.9485695870880206,-4.75887334249461,1.761370885358021,1.0
INTRA_RESIDUE,209,442,1.0,1.3806854426790105
ATOM,210,210,2.318675671703243,-2.272870834521505,-4.472499841454881,1.0,1.0
ATOM,210,443,1.717422738412419,-3.375520819413983,-4.698718953706413,1.552254489203342,1.0
INTRA_RESIDUE,210,443,1.0,1.2761272446016712
ATOM,211,211,3.128080761537278,-2.767470289010621,-4.78912678548581,1.0,1.0
ATOM,211,444,4.079583200787339,-2.039315270717369,-4.974314412310841,1.424773126688452,1.0
INTRA_RESIDUE,211,444,1.0,1.212386563344226
ATOM,212,212,3.626947613378845,-3.098513098696298,-5.590109487755653,1.0,1.0
ATOM,212,445,3.136012366615134,-3.814315272258257,-6.496829369188506,1.510393228497011,1.0
INTRA_RESIDUE,212,445,1.0,1.2551966142485056
ATOM,213,213,3.952883477642749,-3.876144581941133,-5.052454738780508,1.0,1.0
ATOM,213,446,3.180159579213122,-4.013731580891504,-4.303779669993527,1.169368736336988,1.0
INTRA_RESIDUE,213,446,1.0,1.0846843681684941
ATOM,214,214,4.372800353281497,-4.285766799571949,-5.86234605664053,1.0,1.0
ATOM,214,447,4.78894385736237,-3.298420460268682,-5.904996153383965,1.144604428590998,1.0
INTRA_RESIDUE,214,447,1.0,1.072302214295499
ATOM,215,215,4.310458332481599,-5.251577845644286,-5.610636784829339,1.0,1.0
ATOM,215,448,3.735318995998479,-6.493954488418858,-6.324553707999222,2.088019662866129,1.0
INTRA_RESIDUE,215,448,1.0,1.5440098314330646
ATOM,216,216,4.583636056220659,-5.137903184721185,-4.655418823620612,1.0,1.0
ATOM,216,449,5.632132836679601,-6.04241646461106,-4.962893549801223,1.836882289669856,1.0
INTRA_RESIDUE,216,449,1.0,1.4184411448349281
ATOM,217,217,4.962463087790802,-4.593145132900655,-3.907277887172611,1.0,1.0
ATOM,217,450,5.591046834045703,-5.394636555095242,-3.385773907449791,1.288615946459125,1.0
INTRA_RESIDUE,217,450,1.0,1.1443079732295625
ATOM,218,218,4.983223996049146,-3.836223685980463,-4.560453573091175,1.0,1.0
ATOM,218,451,5.76353839886515,-3.880143918956036,-3.821040048092049,1.151777725521735,1.0
INTRA_RESIDUE,218,451,1.0,1.0758888627608676
ATOM,219,219,5.622228334124472,-3.067134042890347,-4.548049083482353,1.0,1.0
ATOM,219,452,6.028358432462239,-2.627861449249976,-3.654824231334811,1.150112302538518,1.0
INTRA_RESIDUE,219,452,1.0,1.075056151269259
ATOM,220,220,5.501989818683747,-2.491412760895232,-5.356826285030226,1.0,1.0
ATOM,220,453,6.014389673156388,-1.511378743681738,-4.710228890047076,1.562094578520207,1.0
INTRA_RESIDUE,220,453,1.0,1.2810472892601035
ATOM,221,221,6.487409875674427,-2.401354199326279,-5.500966673113941,1.0,1.0
ATOM,221,454,6.353966316921152,-1.340515175164942,-6.880562855373814,2.49084307691075,1.0
INTRA_RESIDUE,221,454,1.0,1.745421538455375
ATOM,222,222,6.959419713308821,-3.278662739352601,-5.587519366044723,1.0,1.0
ATOM,222,455,7.08340258970629,-3.815001376835427,-6.784392678582745,1.634795129646708,1.0
INTRA_RESIDUE,222,455,1.0,1.317397564823354
ATOM,223,223,7.836194111800421,-3.643149060913008,-5.273932278467078,1.0,1.0
ATOM,223,456,7.195759921907826,-3.677267594014713,-4.344719474225923,1.25810925528909,1.0
INTRA_RESIDUE,223,456,1.0,1.129054627644545
ATOM,224,224,7.802608580583145,-4.635927588439322,-5.15887276249299,1.0,1.0
ATOM,224,457,6.557025249223318,-4.543485174136565,-5.339999274818219,1.524140805210163,1.0
INTRA_RESIDUE,224,457,1.0,1.2620704026050815
ATOM,225,225,8.152224403665658,-4.958959256372745,-4.279461091194785,1.0,1.0
ATOM,225,458,9.034861373739083,-5.865941461435776,-4.413732888703895,1.545350323133319,1.0
INTRA_RESIDUE,225,458,1.0,1.2726751615666596
ATOM,226,226,8.446961871213178,-4.033423431728628,-4.041737900309633,1.0,1.0
ATOM,226,459,9.443368315739754,-3.096305341005951,-4.557380806746557,1.923639695237729,1.0
INTRA_RESIDUE,226,459,1.0,1.4618198476188646
ATOM,227,227,7.972406565678351,-4.105772513480145,-3.16449425097432,1.0,1.0
ATOM,227,460,8.368820049931562,-5.001869784810569,-3.17050341454184,0.959771672913086,1.0
INTRA_RESIDUE,227,460,1.0,0.979885836456543
ATOM,228,228,8.168280616578217,-4.535775312818623,-2.283189611713162,1.0,1.0
ATOM,228,461,7.290949724012507,-5.301990391942952,-2.695529594950175,1.471265713105256,1.0
INTRA_RESIDUE,228,461,1.0,1.235632856552628
ATOM,229,229,7.910235620554349,-4.32002660855925,-1.341458858574906,1.0,1.0
ATOM,229,462,9.21439475264848,-3.958720878617479,-0.6424935338006336,2.046283098877839,1.0
INTRA_RESIDUE,229,462,1.0,1.5231415494389196
ATOM,230,230,7.699731970223673,-3.387873245238166,-1.636074301400936,1.0,1.0
ATOM,230,463,7.959186976223514,-2.3869506350163,-1.927475227093578,1.148547993410998,1.0
INTRA_RESIDUE,230,463,1.0,1.0742739967054988
ATOM,231,231,7.606191511871969,-3.089388477531715,-0.686255183149693,1.0,1.0
ATOM,231,464,6.583678411465454,-3.167405513429004,-1.270233211342879,1.360205564319878,1.0
INTRA_RESIDUE,231,464,1.0,1.180102782159939
ATOM,232,232,7.65495742823948,-2.110125689620265,-0.8828955780113091,1.0,1.0
ATOM,232,465,6.46131614796471,-1.035952313342486,-0.7934109105097847,2.2166212548991,1.0
INTRA_RESIDUE,232,465,1.0,1.60831062744955
INTER_RESIDUE,0,1,1.0,1.0
INTER_RESIDUE,1,2,1.0,1.0
INTER_RESIDUE,2,3,1.0,1.0
INTER_RESIDUE,3,4,1.0,1.0
INTER_RESIDUE,4,5,1.0,1.0
INTER_RESIDUE,5,6,1.0,1.0
INTER_RESIDUE,6,7,1.0,1.0
INTER_RESIDUE,7,8,1.0,1.0
INTER_RESIDUE,8,9,1.0,1.0
INTER_RESIDUE,9,10,1.0,1.0
INTER_RESIDUE,10,11,1.0,1.0
INTER_RESIDUE,11,12,1.0,1.0
INTER_RESIDUE,12,13,1.0,1.0
INTER_RESIDUE,13,14,1.0,1.0
INTER_RESIDUE,14,15,1.0,1.0
INTER_RESIDUE,15,16,1.0,1.0
INTER_RESIDUE,16,17,1.0,1.0
INTER_RESIDUE,17,18,1.0,1.0
INTER_RESIDUE,18,19,1.0,1.0
INTER_RESIDUE,19,20,1.0,1.0
INTER_RESIDUE,20,21,1.0,1.0
INTER_RESIDUE,21,22,1.0,1.0
INTER_RESIDUE,22,23,1.0,1.0
INTER_RESIDUE,23,24,1.0,1.0
INTER_RESIDUE,24,25,1.0,1.0
INTER_RESIDUE,25,26,1.0,1.0
INTER_RESIDUE,26,27,1.0,1.0
INTER_RESIDUE,27,28,1.0,1.0
INTER_RESIDUE,28,29,1.0,1.0
INTER_RESIDUE,29,30,1.0,1.0
INTER_RESIDUE,30,31,1.0,1.0
INTER_RESIDUE,31,32,1.0,1.0
INTER_RESIDUE,32,33,1.0,1.0
INTER_RESIDUE,33,34,1.0,1.0
INTER_RESIDUE,34,35,1.0,1.0
INTER_RESIDUE,35,36,1.0,1.0
INTER_RESIDUE,36,37,1.0,1.0
INTER_RESIDUE,37,38,1.0,1.0
INTER_RESIDUE,38,39,1.0,1.0
INTER_RESIDUE,39,40,1.0,1.0
INTER_RESIDUE,40,41,1.0,1.0
INTER_RESIDUE,41,42,1.0,1.0
INTER_RESIDUE,42,43,1.0,1.0
INTER_RESIDUE,43,44,1.0,1.0
INTER_RESIDUE,44,45,1.0,1.0
INTER_RESIDUE,45,46,1.0,1.0
INTER_RESIDUE,46,47,1.0,1.0
INTER_RESIDUE,47,48,1.0,1.0
INTER_RESIDUE,48,49,1.0,1.0
INTER_RESIDUE,49,50,1.0,1.0
INTER_RESIDUE,50,51,1.0,1.0
INTER_RESIDUE,51,52,1.0,1.0
INTER_RESIDUE,52,53,1.0,1.0
INTER_RESIDUE,53,54,1.0,1.0
INTER_RESIDUE,54,55,1.0,1.0
INTER_RESIDUE,55,56,1.0,1.0
INTER_RESIDUE,56,57,1.0,1.0
INTER_RESIDUE,57,58,1.0,1.0
INTER_RESIDUE,58,59,1.0,1.0
INTER_RESIDUE,59,60,1.0,1.0
INTER_RESIDUE,60,61,1.0,1.0
INTER_RESIDUE,61,62,1.0,1.0
INTER_RESIDUE,62,63,1.0,1.0
INTER_RESIDUE,63,64,1.0,1.0
INTER_RESIDUE,64,65,1.0,1.0
INTER_RESIDUE,65,66,1.0,1.0
INTER_RESIDUE,66,67,1.0,1.0
INTER_RESIDUE,67,68,1.0,1.0
INTER_RESIDUE,68,69,1.0,1.0
INTER_RESIDUE,69,70,1.0,1.0
INTER_RESIDUE,70,71,1.0,1.0
INTER_RESIDUE,71,72,1.0,1.0
INTER_RESIDUE,72,73,1.0,1.0
INTER_RESIDUE,73,74,1.0,1.0
INTER_RESIDUE,74,75,1.0,1.0
INTER_RESIDUE,75,76,1.0,1.0
INTER_RESIDUE,76,77,1.0,1.0
INTER_RESIDUE,77,78,1.0,1.0
INTER_RESIDUE,78,79,1.0,1.0
INTER_RESIDUE,79,80,1.0,1.0
INTER_RESIDUE,80,81,1.0,1.0
INTER_RESIDUE,81,82,1.0,1.0
INTER_RESIDUE,82,83,1.0,1.0
INTER_RESIDUE,83,84,1.0,1.0
INTER_RESIDUE,84,85,1.0,1.0
INTER_RESIDUE,85,86,1.0,1.0
INTER_RESIDUE,86,87,1.0,1.0
INTER_RESIDUE,87,88,1.0,1.0
INTER_RESIDUE,88,89,1.0,1.0
INTER_RESIDUE,89,90,1.0,1.0
INTER_RESIDUE,90,91,1.0,1.0
INTER_RESIDUE,91,92,1.0,1.0
INTER_RESIDUE,92,93,1.0,1.0
INTER_RESIDUE,93,94,1.0,1.0
INTER_RESIDUE,94,95,1.0,1.0
INTER_RESIDUE,95,96,1.0,1.0
INTER_RESIDUE,96,97,1.0,1.0
INTER_RESIDUE,97,98,1.0,1.0
INTER_RESIDUE,98,99,1.0,1.0
INTER_RESIDUE,99,100,1.0,1.0
INTER_RESIDUE,100,101,1.0,1.0
INTER_RESIDUE,101,102,1.0,1.0
INTER_RESIDUE,102,103,1.0,1.0
INTER_RESIDUE,103,104,1.0,1.0
INTER_RESIDUE,104,105,1.0,1.0
INTER_RESIDUE,105,106,1.0,1.0
INTER_RESIDUE,106,107,1.0,1.0
INTER_RESIDUE,107,108,1.0,1.0
INTER_RESIDUE,108,109,1.0,1.0
INTER_RESIDUE,109,110,1.0,1.0
INTER_RESIDUE,110,111,1.0,1.0
INTER_RESIDUE,111,112,1.0,1.0
INTER_RESIDUE,112,113,1.0,1.0
INTER_RESIDUE,113,114,1.0,1.0
INTER_RESIDUE,114,115,1.0,1.0
INTER_RESIDUE,115,116,1.0,1.0
INTER_RESIDUE,116,117,1.0,1.0
INTER_RESIDUE,117,118,1.0,1.0
INTER_RESIDUE,118,119,1.0,1.0
INTER_RESIDUE,119,120,1.0,1.0
INTER_RESIDUE,120,121,1.0,1.0
INTER_RESIDUE,121,122,1.0,1.0
INTER_RESIDUE,122,123,1.0,1.0
INTER_RESIDUE,123,124,1.0,1.0
INTER_RESIDUE,124,125,1.0,1.0
INTER_RESIDUE,125,126,1.0,1.0
INTER_RESIDUE,126,127,1.0,1.0
INTER_RESIDUE,127,128,1.0,1.0
INTER_RESIDUE,128,129,1.0,1.0
INTER_RESIDUE,129,130,1.0,1.0
INTER_RESIDUE,130,131,1.0,1.0
INTER_RESIDUE,131,132,1.0,1.0
INTER_RESIDUE,132,133,1.0,1.0
INTER_RESIDUE,133,134,1.0,1.0
INTER_RESIDUE,134,135,1.0,1.0
INTER_RESIDUE,135,136,1.0,1.0
INTER_RESIDUE,136,137,1.0,1.0
INTER_RESIDUE,137,138,1.0,1.0
INTER_RESIDUE,138,139,1.0,1.0
INTER_RESIDUE,139,140,1.0,1.0
INTER_RESIDUE,140,141,1.0,1.0
INTER_RESIDUE,141,142,1.0,1.0
INTER_RESIDUE,142,143,1.0,1.0
INTER_RESIDUE,143,144,1.0,1.0
INTER_RESIDUE,144,145,1.0,1.0
INTER_RESIDUE,145,146,1.0,1.0
INTER_RESIDUE,146,147,1.0,1.0
INTER_RESIDUE,147,148,1.0,1.0
INTER_RESIDUE,148,149,1.0,1.0
INTER_RESIDUE,149,150,1.0,1.0
INTER_RESIDUE,150,151,1.0,1.0
INTER_RESIDUE,151,152,1.0,1.0
INTER_RESIDUE,152,153,1.0,1.0
INTER_RESIDUE,153,154,1.0,1.0
INTER_RESIDUE,154,155,1.0,1.0
INTER_RESIDUE,155,156,1.0,1.0
INTER_RESIDUE,156,157,1.0,1.0
INTER_RESIDUE,157,158,1.0,1.0
INTER_RESIDUE,158,159,1.0,1.0
INTER_RESIDUE,159,160,1.0,1.0
INTER_RESIDUE,160,161,1.0,1.0
INTER_RESIDUE,161,162,1.0,1.0
INTER_RESIDUE,162,163,1.0,1.0
INTER_RESIDUE,163,164,1.0,1.0
INTER_RESIDUE,164,165,1.0,1.0
INTER_RESIDUE,165,166,1.0,1.0
INTER_RESIDUE,166,167,1.0,1.0
INTER_RESIDUE,167,168,1.0,1.0
INTER_RESIDUE,168,169,1.0,1.0
INTER_RESIDUE,169,170,1.0,1.0
INTER_RESIDUE,170,171,1.0,1.0
INTER_RESIDUE,171,172,1.0,1.0
INTER_RESIDUE,172,173,1.0,1.0
INTER_RESIDUE,173,174,1.0,1.0
INTER_RESIDUE,174,175,1.0,1.0
INTER_RESIDUE,175,176,1.0,1.0
INTER_RESIDUE,176,177,1.0,1.0
INTER_RESIDUE,177,178,1.0,1.0
INTER_RESIDUE,178,179,1.0,1.0
INTER_RESIDUE,179,180,1.0,1.0
INTER_RESIDUE,180,181,1.0,1.0
INTER_RESIDUE,181,182,1.0,1.0
INTER_RESIDUE,182,183,1.0,1.0
INTER_RESIDUE,183,184,1.0,1.0
INTER_RESIDUE,184,185,1.0,1.0
INTER_RESIDUE,185,186,1.0,1.0
INTER_RESIDUE,186,187,1.0,1.0
INTER_RESIDUE,187,188,1.0,1.0
INTER_RESIDUE,188,189,1.0,1.0
INTER_RESIDUE,189,190,1.0,1.0
INTER_RESIDUE,190,191,1.0,1.0
INTER_RESIDUE,191,192,1.0,1.0
INTER_RESIDUE,192,193,1.0,1.0
INTER_RESIDUE,193,194,1.0,1.0
INTER_RESIDUE,194,195,1.0,1.0
INTER_RESIDUE,195,196,1.0,1.0
INTER_RESIDUE,196,197,1.0,1.0
INTER_RESIDUE,197,198,1.0,1.0
INTER_RESIDUE,198,199,1.0,1.0
INTER_RESIDUE,199,200,1.0,1.0
INTER_RESIDUE,200,201,1.0,1.0
INTER_RESIDUE,201,202,1.0,1.0
INTER_RESIDUE,202,203,1.0,1.0
INTER_RESIDUE,203,204,1.0,1.0
INTER_RESIDUE,204,205,1.0,1.0
INTER_RESIDUE,205,206,1.0,1.0
INTER_RESIDUE,206,207,1.0,1.0
INTER_RESIDUE,207,208,1.0,1.0
INTER_RESIDUE,208,209,1.0,1.0
INTER_RESIDUE,209,210,1.0,1.0
INTER_RESIDUE,210,211,1.0,1.0
INTER_RESIDUE,211,212,1.0,1.0
INTER_RESIDUE,212,213,1.0,1.0
INTER_RESIDUE,213,214,1.0,1.0
INTER_RESIDUE,214,215,1.0,1.0
INTER_RESIDUE,215,216,1.0,1.0
INTER_RESIDUE,216,217,1.0,1.0
INTER_RESIDUE,217,218,1.0,1.0
INTER_RESIDUE,218,219,1.0,1.0
INTER_RESIDUE,219,220,1.0,1.0
INTER_RESIDUE,220,221,1.0,1.0
INTER_RESIDUE,221,222,1.0,1.0
INTER_RESIDUE,222,223,1.0,1.0
INTER_RESIDUE,223,224,1.0,1.0
INTER_RESIDUE,224,225,1.0,1.0
INTER_RESIDUE,225,226,1.0,1.0
INTER_RESIDUE,226,227,1.0,1.0
INTER_RESIDUE,227,228,1.0,1.0
INTER_RESIDUE,228,229,1.0,1.0
INTER_RESIDUE,229,230,1.0,1.0
INTER_RESIDUE,230,231,1.0,1.0
INTER_RESIDUE,231,232,1.0,1.0
BOND_ANGLE,0,1,2,1.0,1.6056442271179105,1.605648029572132
BOND_ANGLE,1,2,3,1.0,1.733009035414121,1.733017891482829
BOND_ANGLE,2,3,4,1.0,1.798137542281924,1.798136324170239
BOND_ANGLE,3,4,5,1.0,1.6180312021022996,1.618013813998725
BOND_ANGLE,4,5,6,1.0,1.6669283912593653,1.666944693208243
BOND_ANGLE,5,6,7,1.0,2.5627535130106303,2.562717760730401
BOND_ANGLE,6,7,8,1.0,1.8539136499297015,1.853947593156771
BOND_ANGLE,7,8,9,1.0,1.7228030152177471,1.722765798244708
BOND_ANGLE,8,9,10,1.0,1.5969248079893075,1.596958611624495
BOND_ANGLE,9,10,11,1.0,1.6519317221599394,1.651916798586174
BOND_ANGLE,10,11,12,1.0,2.063961619542839,2.063994951101177
BOND_ANGLE,11,12,13,1.0,2.531087354015871,2.531084106124661
BOND_ANGLE,12,13,14,1.0,2.217187857544938,2.217175258256555
BOND_ANGLE,13,14,15,1.0,1.5563872299807424,1.556420070473471
BOND_ANGLE,14,15,16,1.0,2.2787602184704254,2.27878284981198
BOND_ANGLE,15,16,17,1.0,2.4750449825767555,2.475061255325453
BOND_ANGLE,16,17,18,1.0,1.7354377546116841,1.735478731461906
BOND_ANGLE,17,18,19,1.0,2.392239995160171,2.392246591268409
BOND_ANGLE,18,19,20,1.0,1.6246548133905803,1.62469789881983
BOND_ANGLE,19,20,21,1.0,1.977026036679271,1.976996927919582
BOND_ANGLE,20,21,22,1.0,2.0905476046178,2.090581457509907
BOND_ANGLE,21,22,23,1.0,1.4944424511561778,1.494463823059268
BOND_ANGLE,22,23,24,1.0,1.9736565280354057,1.973637324620031
BOND_ANGLE,23,24,25,1.0,1.6245888794639458,1.624574209366747
BOND_ANGLE,24,25,26,1.0,2.453948235147262,2.453976392899921
BOND_ANGLE,25,26,27,1.0,1.5852707121399108,1.585310678008612
BOND_ANGLE,26,27,28,1.0,2.5221171124602604,2.522080832699357
BOND_ANGLE,27,28,29,1.0,1.5209739858900029,1.52100626245651
BOND_ANGLE,28,29,30,1.0,1.601725905077659,1.60169927527152
BOND_ANGLE,29,30,31,1.0,1.5845239213436633,1.584558107151443
BOND_ANGLE,30,31,32,1.0,2.6561396184069435,2.656124562435665
BOND_ANGLE,31,32,33,1.0,1.5188515823162319,1.518855003537838
BOND_ANGLE,32,33,34,1.0,1.13767679761579,1.137690867441459
BOND_ANGLE,33,34,35,1.0,1.9756458556004133,1.975658231372462
BOND_ANGLE,34,35,36,1.0,2.5025834864669743,2.50258799170845
BOND_ANGLE,35,36,37,1.0,1.570980580389635,1.57100113885397
BOND_ANGLE,36,37,38,1.0,1.754889201895678,1.754881536388121
BOND_ANGLE,37,38,39,1.0,2.447883161972749,2.447864485949039
BOND_ANGLE,38,39,40,1.0,2.214037025566851,2.214094813083744
BOND_ANGLE,39,40,41,1.0,2.2438029372468673,2.243801018068887
BOND_ANGLE,40,41,42,1.0,1.6443291700626592,1.644433252961214
BOND_ANGLE,41,42,43,1.0,1.9495199049220135,1.949622615844903
BOND_ANGLE,42,43,44,1.0,1.9710929540275242,1.971059364866873
BOND_ANGLE,43,44,45,1.0,2.2025522128105823,2.20257355637853
BOND_ANGLE,44,45,46,1.0,1.7661618308808875,1.766176360510826
BOND_ANGLE,45,46,47,1.0,2.0594567462180415,2.059501477015911
BOND_ANGLE,46,47,48,1.0,1.91947571012433,1.919492299988964
BOND_ANGLE,47,48,49,1.0,1.562394627238612,1.562495708963624
BOND_ANGLE,48,49,50,1.0,1.7348486832590337,1.734930044595296
BOND_ANGLE,49,50,51,1.0,1.8304802002738916,1.830495813998626
BOND_ANGLE,50,51,52,1.0,1.5582183686747968,1.558237373318603
BOND_ANGLE,51,52,53,1.0,2.233540311668045,2.233595785225315
BOND_ANGLE,52,53,54,1.0,1.6176214883833802,1.61761785946719
BOND_ANGLE,53,54,55,1.0,1.6243384855728822,1.62436161857697
BOND_ANGLE,54,55,56,1.0,2.1016462321218796,2.101666896222631
BOND_ANGLE,55,56,57,1.0,1.5305112369771783,1.530483667344922
BOND_ANGLE,56,57,58,1.0,1.7388891921355079,1.738922550343269
BOND_ANGLE,57,58,59,1.0,1.662033643479431,1.662008300489271
BOND_ANGLE,58,59,60,1.0,1.6404570409130754,1.640415017705432
BOND_ANGLE,59,60,61,1.0,2.2753544465661655,2.275399750691172
BOND_ANGLE,60,61,62,1.0,1.5843762736713718,1.58432823112305
BOND_ANGLE,61,62,63,1.0,1.872416735560432,1.872477173613704
BOND_ANGLE,62,63,64,1.0,1.639193740835381,1.639123172981593
BOND_ANGLE,63,64,65,1.0,1.5892298348996776,1.589322358340874
BOND_ANGLE,64,65,66,1.0,2.1966236303707958,2.196720666421742
BOND_ANGLE,65,66,67,1.0,2.510615150943536,2.510545898269725
BOND_ANGLE,66,67,68,1.0,1.594589171536447,1.594674492333901
BOND_ANGLE,67,68,69,1.0,2.10531707687774,2.10526762607589
BOND_ANGLE,68,69,70,1.0,2.2742464004043503,2.274294691437383
BOND_ANGLE,69,70,71,1.0,1.6712564867262867,1.671276732206399
BOND_ANGLE,70,71,72,1.0,1.636717421606373,1.636752885316725
BOND_ANGLE,71,72,73,1.0,1.795351319794765,1.795394204998388
BOND_ANGLE,72,73,74,1.0,1.7429812404554696,1.743034573876043
BOND_ANGLE,73,74,75,1.0,1.571736573355662,1.571752517272862
BOND_ANGLE,74,75,76,1.0,1.81406877938352,1.814084431183856
BOND_ANGLE,75,76,77,1.0,1.6039176773874808,1.603874284694232
BOND_ANGLE,76,77,78,1.0,2.444538189163286,2.444599366300761
BOND_ANGLE,77,78,79,1.0,2.30870100773438,2.3087613277956
BOND_ANGLE,78,79,80,1.0,1.633951590646408,1.633943789539165
BOND_ANGLE,79,80,81,1.0,1.6985952841582426,1.698647815238189
BOND_ANGLE,80,81,82,1.0,2.1628092639973264,2.162781093262284
BOND_ANGLE,81,82,83,1.0,1.6058749131081957,1.605902257752631
BOND_ANGLE,82,83,84,1.0,2.3291652747406126,2.329140825612619
BOND_ANGLE,83,84,85,1.0,1.5359009884369386,1.535893023102832
BOND_ANGLE,84,85,86,1.0,1.5956861224248005,1.595714318475595
BOND_ANGLE,85,86,87,1.0,1.382640256499949,1.382558993326318
BOND_ANGLE,86,87,88,1.0,2.8493190340092096,2.849400290744553
BOND_ANGLE,87,88,89,1.0,1.7508529258750827,1.750753469608163
BOND_ANGLE,88,89,90,1.0,1.5464347348877097,1.546372762876417
BOND_ANGLE,89,90,91,1.0,1.615815453217063,1.615870256188705
BOND_ANGLE,90,91,92,1.0,2.279047556072599,2.27905226534249
BOND_ANGLE,91,92,93,1.0,1.774600788744782,1.774616008018042
BOND_ANGLE,92,93,94,1.0,1.6349066477840115,1.634938685372266
BOND_ANGLE,93,94,95,1.0,1.6699727121084886,1.669959721464404
BOND_ANGLE,94,95,96,1.0,2.1580498245518887,2.158056198676566
BOND_ANGLE,95,96,97,1.0,1.5937244314301358,1.59371400900252
BOND_ANGLE,96,97,98,1.0,2.3108138641756484,2.310824742532405
BOND_ANGLE,97,98,99,1.0,1.614402921385845,1.614426625455415
BOND_ANGLE,98,99,100,1.0,2.3681166390629063,2.368111474667903
BOND_ANGLE,99,100,101,1.0,1.9163998235040371,1.916409964547061
BOND_ANGLE,100,101,102,1.0,2.282055515672891,2.282068373471982
BOND_ANGLE,101,102,103,1.0,1.9836856874391366,1.983689429777086
BOND_ANGLE,102,103,104,1.0,1.9019530931402824,1.901972722078668
BOND_ANGLE,103,104,105,1.0,1.601781609672012,1.60181098963312
BOND_ANGLE,104,105,106,1.0,2.086122111583523,2.086124713101634
BOND_ANGLE,105,106,107,1.0,1.9607738472202332,1.960790585689298
BOND_ANGLE,106,107,108,1.0,1.5698940344946286,1.569890353529259
BOND_ANGLE,107,108,109,1.0,2.28468003389098,2.284689156409877
BOND_ANGLE,108,109,110,1.0,2.51612484106055,2.516124972138797
BOND_ANGLE,109,110,111,1.0,1.5980342939698813,1.598008907949931
BOND_ANGLE,110,111,112,1.0,2.466722349421744,2.466717434511243
BOND_ANGLE,111,112,113,1.0,2.48873487809132,2.488758989592146
BOND_ANGLE,112,113,114,1.0,1.5908722262272341,1.590928461301903
BOND_ANGLE,113,114,115,1.0,1.5655160102508976,1.565489819777329
BOND_ANGLE,114,115,116,1.0,2.3669123582929377,2.366956621779821
BOND_ANGLE,115,116,117,1.0,1.6035269580383908,1.603536938263151
BOND_ANGLE,116,117,118,1.0,1.6311403653074656,1.631139430393364
BOND_ANGLE,117,118,119,1.0,1.666674606757865,1.666729142602646
BOND_ANGLE,118,119,120,1.0,1.5918339180162597,1.591860663827781
BOND_ANGLE,119,120,121,1.0,1.5391548271602278,1.539189905536563
BOND_ANGLE,120,121,122,1.0,1.945235862844375,1.945242304551775
BOND_ANGLE,121,122,123,1.0,1.139233094108706,1.139236280005038
BOND_ANGLE,122,123,124,1.0,1.6762569244891474,1.676289779026122
BOND_ANGLE,123,124,125,1.0,1.8052631422855507,1.805235229983518
BOND_ANGLE,124,125,126,1.0,1.5625595969582493,1.56256242591853
BOND_ANGLE,125,126,127,1.0,2.475898063867034,2.475927926937123
BOND_ANGLE,126,127,128,1.0,1.5590431745770936,1.559018807039725
BOND_ANGLE,127,128,129,1.0,1.5335725022757716,1.533635717220294
BOND_ANGLE,128,129,130,1.0,1.691499646248836,1.691459196431718
BOND_ANGLE,129,130,131,1.0,1.585328718749476,1.585366439232885
BOND_ANGLE,130,131,132,1.0,2.18592018001843,2.185954896613503
BOND_ANGLE,131,132,133,1.0,2.092817138253008,2.092817986038102
BOND_ANGLE,132,133,134,1.0,1.6083442457822226,1.608360864480483
BOND_ANGLE,133,134,135,1.0,1.9821871790986154,1.982200056145947
BOND_ANGLE,134,135,136,1.0,2.4014348163105548,2.401465819219427
BOND_ANGLE,135,136,137,1.0,1.6910447916035491,1.691050861236619
BOND_ANGLE,136,137,138,1.0,1.9445173042123776,1.94453675614491
BOND_ANGLE,137,138,139,1.0,1.7631385718794772,1.763166819109549
BOND_ANGLE,138,139,140,1.0,1.6187076884839255,1.618698806135447
BOND_ANGLE,139,140,141,1.0,1.5337865755942577,1.533786547885675
BOND_ANGLE,140,141,142,1.0,2.2274218106085186,2.227410135937389
BOND_ANGLE,141,142,143,1.0,1.9533856739353004,1.953403340061715
BOND_ANGLE,142,143,144,1.0,1.4982473182709812,1.498245813629202
BOND_ANGLE,143,144,145,1.0,1.9249965216604712,1.925020515276938
BOND_ANGLE,144,145,146,1.0,2.6144350974427026,2.614439302998189
BOND_ANGLE,145,146,147,1.0,1.5807681338546464,1.580753002099817
BOND_ANGLE,146,147,148,1.0,1.64027179456476,1.640287747081359
BOND_ANGLE,147,148,149,1.0,1.6582624269104755,1.658253549010553
BOND_ANGLE,148,149,150,1.0,2.2078813364991055,2.207901933046347
BOND_ANGLE,149,150,151,1.0,2.2117399747231006,2.211759423681016
BOND_ANGLE,150,151,152,1.0,1.8570211107566752,1.857039423147229
BOND_ANGLE,151,152,153,1.0,2.2039755570761024,2.203948239307647
BOND_ANGLE,152,153,154,1.0,2.464360491697609,2.464332133224788
BOND_ANGLE,153,154,155,1.0,1.528082427760482,1.52805392203186
BOND_ANGLE,154,155,156,1.0,1.7087168839556224,1.708697800297877
BOND_ANGLE,155,156,157,1.0,1.7328140403146592,1.732838543677481
BOND_ANGLE,156,157,158,1.0,2.3820477496846797,2.382072778308153
BOND_ANGLE,157,158,159,1.0,2.418350695076257,2.418337189761118
BOND_ANGLE,158,159,160,1.0,1.5978951097761651,1.597892455492623
BOND_ANGLE,159,160,161,1.0,2.3816741880518078,2.381694880393859
BOND_ANGLE,160,161,162,1.0,2.506186203213564,2.506155117214967
BOND_ANGLE,161,162,163,1.0,1.6413357046940005,1.641391363586539
BOND_ANGLE,162,163,164,1.0,1.6083334136428658,1.608374301006016
BOND_ANGLE,163,164,165,1.0,1.531665607439519,1.531636617001358
BOND_ANGLE,164,165,166,1.0,1.8201916488713539,1.820235661794011
BOND_ANGLE,165,166,167,1.0,1.6381212304273438,1.638185794542868
BOND_ANGLE,166,167,168,1.0,1.5255425683438946,1.525522070479926
BOND_ANGLE,167,168,169,1.0,1.5682168251680078,1.568233489103798
BOND_ANGLE,168,169,170,1.0,1.5338467631783117,1.533859530068518
BOND_ANGLE,169,170,171,1.0,1.7350224238222036,1.735058694810965
BOND_ANGLE,170,171,172,1.0,2.251191677926399,2.25119645349868
BOND_ANGLE,171,172,173,1.0,2.081787680421256,2.081813604803018
BOND_ANGLE,172,173,174,1.0,1.9261468220704392,1.926144892767637
BOND_ANGLE,173,174,175,1.0,1.5377706781765015,1.537785081095798
BOND_ANGLE,174,175,176,1.0,1.987703897193266,1.987720669901337
BOND_ANGLE,175,176,177,1.0,1.983623151765733,1.983586606779388
BOND_ANGLE,176,177,178,1.0,1.6411241354286155,1.641116331749643
BOND_ANGLE,177,178,179,1.0,1.9598471935290676,1.959847035846195
BOND_ANGLE,178,179,180,1.0,1.6096066051422673,1.609610465578228
BOND_ANGLE,179,180,181,1.0,2.2295670559821383,2.229552561877849
BOND_ANGLE,180,181,182,1.0,1.586809937192236,1.586843148135425
BOND_ANGLE,181,182,183,1.0,1.9997006355966862,1.999731090648556
BOND_ANGLE,182,183,184,1.0,1.5013966690670095,1.501384021537925
BOND_ANGLE,183,184,185,1.0,1.6323668650088186,1.632410042801881
BOND_ANGLE,184,185,186,1.0,2.4889576981355797,2.488919841573915
BOND_ANGLE,185,186,187,1.0,2.0635669901221023,2.063644014446449
BOND_ANGLE,186,187,188,1.0,2.2340447970925763,2.234110325186255
BOND_ANGLE,187,188,189,1.0,1.9833725083010985,1.983377710066728
BOND_ANGLE,188,189,190,1.0,1.5691920787357776,1.569179009660288
BOND_ANGLE,189,190,191,1.0,1.5602457822286218,1.560349657900001
BOND_ANGLE,190,191,192,1.0,2.206025652727047,2.206159789917276
BOND_ANGLE,191,192,193,1.0,2.509261542668686,2.509297031354874
BOND_ANGLE,192,193,194,1.0,1.6643288253113226,1.664446455393332
BOND_ANGLE,193,194,195,1.0,1.7296073871871722,1.729642561376554
BOND_ANGLE,194,195,196,1.0,2.4909181480431566,2.490984483769896
BOND_ANGLE,195,196,197,1.0,2.154505366199845,2.154570761248262
BOND_ANGLE,196,197,198,1.0,1.9668814086605086,1.966899003382885
BOND_ANGLE,197,198,199,1.0,1.6141440779219094,1.614215095914488
BOND_ANGLE,198,199,200,1.0,2.434126710207581,2.434073711795198
BOND_ANGLE,199,200,201,1.0,1.8568823223404218,1.856916801383468
BOND_ANGLE,200,201,202,1.0,2.054208115751232,2.054218366473112
BOND_ANGLE,201,202,203,1.0,1.644377648093863,1.644357507969363
BOND_ANGLE,202,203,204,1.0,2.085390605341754,2.085391358155927
BOND_ANGLE,203,204,205,1.0,1.6592755475001744,1.659311407703667
BOND_ANGLE,204,205,206,1.0,1.5956483633342722,1.595624768866758
BOND_ANGLE,205,206,207,1.0,1.561747230930529,1.561828151498268
BOND_ANGLE,206,207,208,1.0,1.6128648444122693,1.612903796525592
BOND_ANGLE,207,208,209,1.0,1.415006303561527,1.414970666934489
BOND_ANGLE,208,209,210,1.0,2.093336978987508,2.093387454982802
BOND_ANGLE,209,210,211,1.0,1.7744752787683724,1.774418748131231
BOND_ANGLE,210,211,212,1.0,2.5341523727768824,2.534204270311635
BOND_ANGLE,211,212,213,1.0,1.5601721394389354,1.560108921732461
BOND_ANGLE,212,213,214,1.0,1.5907562223210994,1.590803214357004
BOND_ANGLE,213,214,215,1.0,1.7371378197808354,1.737095361035669
BOND_ANGLE,214,215,216,1.0,1.684659338387748,1.684620557302938
BOND_ANGLE,215,216,217,1.0,2.6467864411969724,2.646775138710256
BOND_ANGLE,216,217,218,1.0,1.502278614631412,1.502280509315843
BOND_ANGLE,217,218,219,1.0,2.1985283439871472,2.198538433355137
BOND_ANGLE,218,219,220,1.0,1.934687947100982,1.934666984606891
BOND_ANGLE,219,220,221,1.0,1.6207584414096032,1.620816969533141
BOND_ANGLE,220,221,222,1.0,1.9808031207223424,1.98088363687509
BOND_ANGLE,221,222,223,1.0,2.3553583697036187,2.355343197823793
BOND_ANGLE,222,223,224,1.0,1.948199383990688,1.948245236890675
BOND_ANGLE,223,224,225,1.0,1.9934232520366573,1.993456830664385
BOND_ANGLE,224,225,226,1.0,1.5839211167514526,1.58394704495405
BOND_ANGLE,225,226,227,1.0,1.5725065974539107,1.572482754344654
BOND_ANGLE,226,227,228,1.0,2.3621283717470782,2.362101921505022
BOND_ANGLE,227,228,229,1.0,2.327665973053026,2.327681469898774
BOND_ANGLE,228,229,230,1.0,1.5487765447504886,1.548781978188446
BOND_ANGLE,229,230,231,1.0,1.58888994762885,1.58888914418217
BOND_ANGLE,230,231,232,1.0,1.67192924229187,1.671928545967455
BOND_DIHEDRAL,0,1,2,3,5e-05,0.2028175088954684
BOND_DIHEDRAL,1,2,3,4,5e-05,-2.662492090649316
BOND_DIHEDRAL,2,3,4,5,5e-05,-0.27755324318853125
BOND_DIHEDRAL,3,4,5,6,5e-05,2.385336542714229
BOND_DIHEDRAL,4,5,6,7,5e-05,2.583557369013808
BOND_DIHEDRAL,5,6,7,8,5e-05,2.4754101912026325
BOND_DIHEDRAL,6,7,8,9,5e-05,2.516653232898527
BOND_DIHEDRAL,7,8,9,10,5e-05,2.7268093305149805
BOND_DIHEDRAL,8,9,10,11,5e-05,1.791909603270122
BOND_DIHEDRAL,9,10,11,12,5e-05,-2.696846623383942
BOND_DIHEDRAL,10,11,12,13,5e-05,2.8114545240499167
BOND_DIHEDRAL,11,12,13,14,5e-05,-3.087165781759667
BOND_DIHEDRAL,12,13,14,15,5e-05,2.9950936624106665
BOND_DIHEDRAL,13,14,15,16,5e-05,-0.4465990542530801
BOND_DIHEDRAL,14,15,16,17,5e-05,2.2947368313469076
BOND_DIHEDRAL,15,16,17,18,5e-05,-0.3543274711979614
BOND_DIHEDRAL,16,17,18,19,5e-05,-2.5032960091663656
BOND_DIHEDRAL,17,18,19,20,5e-05,0.5917538267867962
BOND_DIHEDRAL,18,19,20,21,5e-05,2.5759474240801676
BOND_DIHEDRAL,19,20,21,22,5e-05,-3.1349791800332896
BOND_DIHEDRAL,20,21,22,23,5e-05,-0.3255172730281128
BOND_DIHEDRAL,21,22,23,24,5e-05,2.65987400841719
BOND_DIHEDRAL,22,23,24,25,5e-05,-0.5341003667620091
BOND_DIHEDRAL,23,24,25,26,5e-05,-2.966666291093473
BOND_DIHEDRAL,24,25,26,27,5e-05,0.005019030992168406
BOND_DIHEDRAL,25,26,27,28,5e-05,2.687236338170854
BOND_DIHEDRAL,26,27,28,29,5e-05,2.9075063642166263
BOND_DIHEDRAL,27,28,29,30,5e-05,2.5124003888723263
BOND_DIHEDRAL,28,29,30,31,5e-05,-3.0783766902654888
BOND_DIHEDRAL,29,30,31,32,5e-05,2.564324024295729
BOND_DIHEDRAL,30,31,32,33,5e-05,-0.158295624747082
BOND_DIHEDRAL,31,32,33,34,5e-05,-2.4174637687317326
BOND_DIHEDRAL,32,33,34,35,5e-05,2.683978073279262
BOND_DIHEDRAL,33,34,35,36,5e-05,-2.7409243416924216
BOND_DIHEDRAL,34,35,36,37,5e-05,0.5293258025820182
BOND_DIHEDRAL,35,36,37,38,5e-05,2.701924601835087
BOND_DIHEDRAL,36,37,38,39,5e-05,-0.253322048103275
BOND_DIHEDRAL,37,38,39,40,5e-05,2.7119863151867887
BOND_DIHEDRAL,38,39,40,41,5e-05,1.046695178816754
BOND_DIHEDRAL,39,40,41,42,5e-05,-2.1348590095642086
BOND_DIHEDRAL,40,41,42,43,5e-05,0.32093319516309116
BOND_DIHEDRAL,41,42,43,44,5e-05,3.0021351523904602
BOND_DIHEDRAL,42,43,44,45,5e-05,1.4214597428412628
BOND_DIHEDRAL,43,44,45,46,5e-05,2.3082297541085035
BOND_DIHEDRAL,44,45,46,47,5e-05,-2.476168429081811
BOND_DIHEDRAL,45,46,47,48,5e-05,2.7261120008658564
BOND_DIHEDRAL,46,47,48,49,5e-05,0.5849054895675924
BOND_DIHEDRAL,47,48,49,50,5e-05,1.0656849814731975
BOND_DIHEDRAL,48,49,50,51,5e-05,-2.2193530639398396
BOND_DIHEDRAL,49,50,51,52,5e-05,-2.6021426015652676
BOND_DIHEDRAL,50,51,52,53,5e-05,1.8087745497713665
BOND_DIHEDRAL,51,52,53,54,5e-05,-3.067934903272384
BOND_DIHEDRAL,52,53,54,55,5e-05,3.134160520398314
BOND_DIHEDRAL,53,54,55,56,5e-05,-2.5459668822377153
BOND_DIHEDRAL,54,55,56,57,5e-05,-2.6684395219245207
BOND_DIHEDRAL,55,56,57,58,5e-05,-2.886615536366741
BOND_DIHEDRAL,56,57,58,59,5e-05,-2.493619392148424
BOND_DIHEDRAL,57,58,59,60,5e-05,-1.0098469436042676
BOND_DIHEDRAL,58,59,60,61,5e-05,2.870076385281711
BOND_DIHEDRAL,59,60,61,62,5e-05,2.9256006911783143
BOND_DIHEDRAL,60,61,62,63,5e-05,2.6369411084652787
BOND_DIHEDRAL,61,62,63,64,5e-05,2.631522255477884
BOND_DIHEDRAL,62,63,64,65,5e-05,-3.0343458588904526
BOND_DIHEDRAL,63,64,65,66,5e-05,0.10171591862029827
BOND_DIHEDRAL,64,65,66,67,5e-05,-2.7602327752080797
BOND_DIHEDRAL,65,66,67,68,5e-05,2.7301538947691344
BOND_DIHEDRAL,66,67,68,69,5e-05,-2.719957292382616
BOND_DIHEDRAL,67,68,69,70,5e-05,2.630188098142004
BOND_DIHEDRAL,68,69,70,71,5e-05,-0.030328272420837517
BOND_DIHEDRAL,69,70,71,72,5e-05,-2.476504009374048
BOND_DIHEDRAL,70,71,72,73,5e-05,1.7475572921576263
BOND_DIHEDRAL,71,72,73,74,5e-05,-2.280741204155949
BOND_DIHEDRAL,72,73,74,75,5e-05,2.6178982372128483
BOND_DIHEDRAL,73,74,75,76,5e-05,-2.2114705491736593
BOND_DIHEDRAL,74,75,76,77,5e-05,-1.228992552332614
BOND_DIHEDRAL,75,76,77,78,5e-05,2.974003946932976
BOND_DIHEDRAL,76,77,78,79,5e-05,-0.19886464571823315
BOND_DIHEDRAL,77,78,79,80,5e-05,2.365048910814074
BOND_DIHEDRAL,78,79,80,81,5e-05,-2.2817531974870042
BOND_DIHEDRAL,79,80,81,82,5e-05,2.9580334463656204
BOND_DIHEDRAL,80,81,82,83,5e-05,-2.5141904599019056
BOND_DIHEDRAL,81,82,83,84,5e-05,-2.751695527678866
BOND_DIHEDRAL,82,83,84,85,5e-05,-2.9305445931070513
BOND_DIHEDRAL,83,84,85,86,5e-05,-1.5029695105203238
BOND_DIHEDRAL,84,85,86,87,5e-05,-2.9015124639583303
BOND_DIHEDRAL,85,86,87,88,5e-05,-2.451571571654358
BOND_DIHEDRAL,86,87,88,89,5e-05,-2.360572483121015
BOND_DIHEDRAL,87,88,89,90,5e-05,-0.7668658142523818
BOND_DIHEDRAL,88,89,90,91,5e-05,-2.016032250972738
BOND_DIHEDRAL,89,90,91,92,5e-05,3.0202375493293596
BOND_DIHEDRAL,90,91,92,93,5e-05,-2.3122992186361753
BOND_DIHEDRAL,91,92,93,94,5e-05,2.617346044399201
BOND_DIHEDRAL,92,93,94,95,5e-05,-2.621391782537369
BOND_DIHEDRAL,93,94,95,96,5e-05,2.7549319966517616
BOND_DIHEDRAL,94,95,96,97,5e-05,1.0758190160045693
BOND_DIHEDRAL,95,96,97,98,5e-05,2.7614374221492883
BOND_DIHEDRAL,96,97,98,99,5e-05,-0.1715491983599094
BOND_DIHEDRAL,97,98,99,100,5e-05,-2.764197826235465
BOND_DIHEDRAL,98,99,100,101,5e-05,2.889686183719704
BOND_DIHEDRAL,99,100,101,102,5e-05,-2.7628387854241163
BOND_DIHEDRAL,100,101,102,103,5e-05,-2.682985750364755
BOND_DIHEDRAL,101,102,103,104,5e-05,2.6345794735496972
BOND_DIHEDRAL,102,103,104,105,5e-05,-2.546331608478092
BOND_DIHEDRAL,103,104,105,106,5e-05,2.5208067921555575
BOND_DIHEDRAL,104,105,106,107,5e-05,-2.865337857535291
BOND_DIHEDRAL,105,106,107,108,5e-05,2.743396151071835
BOND_DIHEDRAL,106,107,108,109,5e-05,-3.090459476773641
BOND_DIHEDRAL,107,108,109,110,5e-05,0.1698352404436548
BOND_DIHEDRAL,108,109,110,111,5e-05,0.9238743641484125
BOND_DIHEDRAL,109,110,111,112,5e-05,0.8957559492879913
BOND_DIHEDRAL,110,111,112,113,5e-05,-0.17043016608323708
BOND_DIHEDRAL,111,112,113,114,5e-05,-0.2390269309120952
BOND_DIHEDRAL,112,113,114,115,5e-05,-2.8429957395601835
BOND_DIHEDRAL,113,114,115,116,5e-05,2.28688601544603
BOND_DIHEDRAL,114,115,116,117,5e-05,1.971135504823067
BOND_DIHEDRAL,115,116,117,118,5e-05,-2.9179786448174077
BOND_DIHEDRAL,116,117,118,119,5e-05,3.0361545478631475
BOND_DIHEDRAL,117,118,119,120,5e-05,1.608878062663032
BOND_DIHEDRAL,118,119,120,121,5e-05,-2.1777907415108917
BOND_DIHEDRAL,119,120,121,122,5e-05,2.9566311168588744
BOND_DIHEDRAL,120,121,122,123,5e-05,-2.4362111837190024
BOND_DIHEDRAL,121,122,123,124,5e-05,2.47808081099193
BOND_DIHEDRAL,122,123,124,125,5e-05,2.8628212719878463
BOND_DIHEDRAL,123,124,125,126,5e-05,-1.0922629494493756
BOND_DIHEDRAL,124,125,126,127,5e-05,-2.6811807906711715
BOND_DIHEDRAL,125,126,127,128,5e-05,-2.587908434539426
BOND_DIHEDRAL,126,127,128,129,5e-05,2.2389836612243816
BOND_DIHEDRAL,127,128,129,130,5e-05,3.09264215253923
BOND_DIHEDRAL,128,129,130,131,5e-05,2.295485638093515
BOND_DIHEDRAL,129,130,131,132,5e-05,-0.6469623980998559
BOND_DIHEDRAL,130,131,132,133,5e-05,-2.9329395898054735
BOND_DIHEDRAL,131,132,133,134,5e-05,2.3027051256860975
BOND_DIHEDRAL,132,133,134,135,5e-05,-2.542942377861045
BOND_DIHEDRAL,133,134,135,136,5e-05,1.2886700551962718
BOND_DIHEDRAL,134,135,136,137,5e-05,-0.018676430936114
BOND_DIHEDRAL,135,136,137,138,5e-05,-2.674737563436865
BOND_DIHEDRAL,136,137,138,139,5e-05,0.9964666897042095
BOND_DIHEDRAL,137,138,139,140,5e-05,-2.6182673040887106
BOND_DIHEDRAL,138,139,140,141,5e-05,-0.3171981056802937
BOND_DIHEDRAL,139,140,141,142,5e-05,2.6571342339535624
BOND_DIHEDRAL,140,141,142,143,5e-05,2.626522187466037
BOND_DIHEDRAL,141,142,143,144,5e-05,2.4299048688032143
BOND_DIHEDRAL,142,143,144,145,5e-05,-2.7404946060069033
BOND_DIHEDRAL,143,144,145,146,5e-05,2.6088494939765714
BOND_DIHEDRAL,144,145,146,147,5e-05,2.8614256125382687
BOND_DIHEDRAL,145,146,147,148,5e-05,2.6861455543879904
BOND_DIHEDRAL,146,147,148,149,5e-05,1.4792021388296146
BOND_DIHEDRAL,147,148,149,150,5e-05,-2.6874400858750396
BOND_DIHEDRAL,148,149,150,151,5e-05,0.10811814487761613
BOND_DIHEDRAL,149,150,151,152,5e-05,-0.2510267629594105
BOND_DIHEDRAL,150,151,152,153,5e-05,2.9037360167014667
BOND_DIHEDRAL,151,152,153,154,5e-05,-0.05243283071956782
BOND_DIHEDRAL,152,153,154,155,5e-05,0.6835074558162868
BOND_DIHEDRAL,153,154,155,156,5e-05,0.9399980431560703
BOND_DIHEDRAL,154,155,156,157,5e-05,2.7528174391110203
BOND_DIHEDRAL,155,156,157,158,5e-05,-0.2524749780850906
BOND_DIHEDRAL,156,157,158,159,5e-05,2.8015648837239353
BOND_DIHEDRAL,157,158,159,160,5e-05,-0.12417945797882006
BOND_DIHEDRAL,158,159,160,161,5e-05,3.0215430607009197
BOND_DIHEDRAL,159,160,161,162,5e-05,3.099974909391318
BOND_DIHEDRAL,160,161,162,163,5e-05,2.8538960170457894
BOND_DIHEDRAL,161,162,163,164,5e-05,0.521557320984728
BOND_DIHEDRAL,162,163,164,165,5e-05,-2.7005945623122054
BOND_DIHEDRAL,163,164,165,166,5e-05,-2.8089887380724323
BOND_DIHEDRAL,164,165,166,167,5e-05,1.1611001274555814
BOND_DIHEDRAL,165,166,167,168,5e-05,-2.5332394516679893
BOND_DIHEDRAL,166,167,168,169,5e-05,1.6648863344889306
BOND_DIHEDRAL,167,168,169,170,5e-05,2.3128991759931568
BOND_DIHEDRAL,168,169,170,171,5e-05,-0.5107713374577761
BOND_DIHEDRAL,169,170,171,172,5e-05,3.0651580438652104
BOND_DIHEDRAL,170,171,172,173,5e-05,0.06633188493669939
BOND_DIHEDRAL,171,172,173,174,5e-05,2.947216347165563
BOND_DIHEDRAL,172,173,174,175,5e-05,-2.835845896022672
BOND_DIHEDRAL,173,174,175,176,5e-05,2.9569232850783678
BOND_DIHEDRAL,174,175,176,177,5e-05,-2.831051850621133
BOND_DIHEDRAL,175,176,177,178,5e-05,1.3323984974474532
BOND_DIHEDRAL,176,177,178,179,5e-05,2.657555159283854
BOND_DIHEDRAL,177,178,179,180,5e-05,2.3418659917106157
BOND_DIHEDRAL,178,179,180,181,5e-05,3.0633101700337337
BOND_DIHEDRAL,179,180,181,182,5e-05,2.485206765925723
BOND_DIHEDRAL,180,181,182,183,5e-05,-0.13597625668334698
BOND_DIHEDRAL,181,182,183,184,5e-05,3.1272753934960913
BOND_DIHEDRAL,182,183,184,185,5e-05,-2.8624516278632557
BOND_DIHEDRAL,183,184,185,186,5e-05,2.7495866071267376
BOND_DIHEDRAL,184,185,186,187,5e-05,-3.040050766203474
BOND_DIHEDRAL,185,186,187,188,5e-05,-0.06024217933942976
BOND_DIHEDRAL,186,187,188,189,5e-05,-3.0063533797487585
BOND_DIHEDRAL,187,188,189,190,5e-05,2.564163294165361
BOND_DIHEDRAL,188,189,190,191,5e-05,-2.8356666807251454
BOND_DIHEDRAL,189,190,191,192,5e-05,0.3296776813702993
BOND_DIHEDRAL,190,191,192,193,5e-05,-2.3201865834418633
BOND_DIHEDRAL,191,192,193,194,5e-05,1.5986840552267558
BOND_DIHEDRAL,192,193,194,195,5e-05,-2.168731158507998
BOND_DIHEDRAL,193,194,195,196,5e-05,-0.1611161270136167
BOND_DIHEDRAL,194,195,196,197,5e-05,0.07780298086354118
BOND_DIHEDRAL,195,196,197,198,5e-05,-2.2890779615675263
BOND_DIHEDRAL,196,197,198,199,5e-05,1.617255853913982
BOND_DIHEDRAL,197,198,199,200,5e-05,2.831913382984151
BOND_DIHEDRAL,198,199,200,201,5e-05,2.9025013362730694
BOND_DIHEDRAL,199,200,201,202,5e-05,1.5863339016281042
BOND_DIHEDRAL,200,201,202,203,5e-05,3.0391037230932256
BOND_DIHEDRAL,201,202,203,204,5e-05,-2.5143411750902565
BOND_DIHEDRAL,202,203,204,205,5e-05,-3.1233523944175428
BOND_DIHEDRAL,203,204,205,206,5e-05,-2.332228873734326
BOND_DIHEDRAL,204,205,206,207,5e-05,2.4661975576939614
BOND_DIHEDRAL,205,206,207,208,5e-05,1.0799049272599497
BOND_DIHEDRAL,206,207,208,209,5e-05,-2.279901712199408
BOND_DIHEDRAL,207,208,209,210,5e-05,2.8059879016636153
BOND_DIHEDRAL,208,209,210,211,5e-05,2.9593979562909065
BOND_DIHEDRAL,209,210,211,212,5e-05,-2.527665860115697
BOND_DIHEDRAL,210,211,212,213,5e-05,-2.5927450415705637
BOND_DIHEDRAL,211,212,213,214,5e-05,3.0340496467112454
BOND_DIHEDRAL,212,213,214,215,5e-05,-2.636190744235789
BOND_DIHEDRAL,213,214,215,216,5e-05,-0.7389170743463199
BOND_DIHEDRAL,214,215,216,217,5e-05,-0.20999146837048846
BOND_DIHEDRAL,215,216,217,218,5e-05,0.08684966017474142
BOND_DIHEDRAL,216,217,218,219,5e-05,-2.646592037018931
BOND_DIHEDRAL,217,218,219,220,5e-05,3.0405471756232245
BOND_DIHEDRAL,218,219,220,221,5e-05,-2.3860956867986185
BOND_DIHEDRAL,219,220,221,222,5e-05,0.9779880139474552
BOND_DIHEDRAL,220,221,222,223,5e-05,-2.4608938071951183
BOND_DIHEDRAL,221,222,223,224,5e-05,2.6658451064132582
BOND_DIHEDRAL,222,223,224,225,5e-05,-2.2750597820367133
BOND_DIHEDRAL,223,224,225,226,5e-05,-0.10625420240008676
BOND_DIHEDRAL,224,225,226,227,5e-05,2.2510227857265717
BOND_DIHEDRAL,225,226,227,228,5e-05,1.3819330234224514
BOND_DIHEDRAL,226,227,228,229,5e-05,2.6260200157790403
BOND_DIHEDRAL,227,228,229,230,5e-05,-0.33423247873861267
BOND_DIHEDRAL,228,229,230,231,5e-05,-2.9614133318227105
BOND_DIHEDRAL,229,230,231,232,5e-05,2.871459750259551
END